id,lon,lat,name,osm_id,voltage,type,line_string
1,-72.8374459056,41.6171092025,None,140954708,115000,line,0102000020E61000002A000000C413B551143452C06F63C29618D34440A0B29E6D0D3452C0C1570349D9D2444056B46288163452C0D67825B48BD2444076B3D9B0253452C01025981041D244402F62C9CA333452C08E318459FCD14440455021BD483452C0BB5A8111CBD14440A6A081815D3452C0A0E1C6A199D144408D1A50DE733452C049FF3E4063D144404BAA187B8F3452C06B2EBEEF21D1444067928999AD3452C055C41DAFDAD044408903EA93BF3452C03A1A87A7B0D0444089E2612DD63452C07A1A39D57CD04440E92EE104193552C0D24E66B61FD044406F907DCD313552C0D8E9780BFCCF4440221468624F3552C0CAD1DD79D1CF444017253E42623552C0C6E5D0EDA1CF44407EEB2FCF743552C0B09F262273CF4440D623E9218F3552C041E0842530CF444056EDF19DA33552C094B9A134FCCE4440AD3A5011B83552C0E6EB99F0C7CE444039D98FF0C93552C09DEF24039BCE4440715B1751DE3552C00011FAB066CE4440528F80BCF03552C0CA1E5D6738CE444078CDD49A033652C06061761E08CE444081F4120F153652C0BBFF3638DCCD4440B71B9DCB243652C0CF05F2D8B3CD44409ABA67CD393652C0C32E1CA17ECD4440626BB3924D3652C0C95ECB554CCD4440FFA4880F643652C09BB60D5E14CD44408E07E01B793652C0B10BD65EDECC444012A564B78E3652C0725D9088A7CC44406730F20AA43652C0EB90DC8B72CC444080F40C2ABE3652C033F3C6174DCC4440395796A2DE3652C0635120671CCC44408EF4C187FC3652C0608453E0F0CB4440047D8C64163752C0F67FB675BFCB4440BC7608C2313752C0D73DB6F788CB44400F5D79DD583752C0814AA6E732CB4440E98AE6D6723752C0F94172F33CCB4440B195A8B4743752C094AF6E6E3CCB44407E7DC268753752C0A923FA843CCB4440B02C8E2B763752C058819D4C3CCB4440
2,-72.8127622394,41.656539495,None,140954703,115000,line,0102000020E61000000C000000C413B551143452C06F63C29618D34440897EA8931D3452C008A619455FD344405BE52259203452C01EE75E7D91D34440CD3AF3C5253452C09D5C8A16C6D34440D2E096892A3452C089A92C8DEED344407333C68B2F3452C0C88820BC20D444405BE0D4BC2A3452C03FE6555A35D44440D9AE7139053452C052DF9F7059D44440132C18ACE03352C050FFDDE67CD444408DC1AC9AC33352C0799258F392D44440C4C5C723A93352C0D17AE95CA7D444400A8CBBFC953352C0D5C14D7DB4D44440
3,-72.8374459056,41.6171092025,None,140954708,115000,line,0102000020E61000002A000000C413B551143452C06F63C29618D34440A0B29E6D0D3452C0C1570349D9D2444056B46288163452C0D67825B48BD2444076B3D9B0253452C01025981041D244402F62C9CA333452C08E318459FCD14440455021BD483452C0BB5A8111CBD14440A6A081815D3452C0A0E1C6A199D144408D1A50DE733452C049FF3E4063D144404BAA187B8F3452C06B2EBEEF21D1444067928999AD3452C055C41DAFDAD044408903EA93BF3452C03A1A87A7B0D0444089E2612DD63452C07A1A39D57CD04440E92EE104193552C0D24E66B61FD044406F907DCD313552C0D8E9780BFCCF4440221468624F3552C0CAD1DD79D1CF444017253E42623552C0C6E5D0EDA1CF44407EEB2FCF743552C0B09F262273CF4440D623E9218F3552C041E0842530CF444056EDF19DA33552C094B9A134FCCE4440AD3A5011B83552C0E6EB99F0C7CE444039D98FF0C93552C09DEF24039BCE4440715B1751DE3552C00011FAB066CE4440528F80BCF03552C0CA1E5D6738CE444078CDD49A033652C06061761E08CE444081F4120F153652C0BBFF3638DCCD4440B71B9DCB243652C0CF05F2D8B3CD44409ABA67CD393652C0C32E1CA17ECD4440626BB3924D3652C0C95ECB554CCD4440FFA4880F643652C09BB60D5E14CD44408E07E01B793652C0B10BD65EDECC444012A564B78E3652C0725D9088A7CC44406730F20AA43652C0EB90DC8B72CC444080F40C2ABE3652C033F3C6174DCC4440395796A2DE3652C0635120671CCC44408EF4C187FC3652C0608453E0F0CB4440047D8C64163752C0F67FB675BFCB4440BC7608C2313752C0D73DB6F788CB44400F5D79DD583752C0814AA6E732CB4440E98AE6D6723752C0F94172F33CCB4440B195A8B4743752C094AF6E6E3CCB44407E7DC268753752C0A923FA843CCB4440B02C8E2B763752C058819D4C3CCB4440
4,-72.7687069338,41.6396521202,None,140953508,115000,line,0102000020E610000030000000DE1BFD17502E52C0BC069F36D6D0444002C665A0592E52C0D3F6746AD4D0444049CED00F7F2E52C099F8763DCCD04440B3BC9948A42E52C0F83DBE55C4D044404F83C571CA2E52C084C248EFBBD04440B45C08A4D92E52C0687A409BCBD044406B8D2BA6F52E52C09B8B5A76E9D04440F7563C52122F52C0B3B2644407D14440B5CB8AA6272F52C0615BA2230DD1444071AB2D23462F52C023A53DA016D14440FD64DADC642F52C0DF6769621FD144408622EE669F2F52C0C5EE2A0B46D1444048AFC950BC2F52C00DB573DA51D1444002BD37BBDD2F52C042540FE560D144404F19326FFA2F52C0BD33AFE66DD144407EA514E21A3052C0400C949F7CD144404F6D3A29423052C0751A54D7A0D14440A348A25C5A3052C0FD9359F8B6D14440C412AC7F733052C02BCEC054C5D14440A85C4E05903052C0A4E7E18BD5D144408F65BA1BBA3052C0F648604CEDD144407820935FE53052C0DF697D24FED14440C46C2921043152C0EB710F7008D24440065D07FB213152C010F82B4812D244409FDB9393393152C0C868C9C329D24440B7FFDF165B3152C093001FE31CD244406E4929E67F3152C0A6D9A8A119D244401B2529AA943152C0FD7A421118D24440EDEC5B5FB53152C09E08E2BC15D244404E78E474D93152C0878DD60D13D24440E3E4AB31FC3152C018646EAE11D24440289219FD1C3252C09E3E786620D24440B3A9BD7B383252C0677EE5B12CD244405951E971583252C044E474393BD24440418FC28D783252C09BC034D949D24440E2F07B249B3252C052B9BCDE50D24440A1D9FA57B73252C05DDE43605BD244405A456087D53252C0F584A4B666D2444026E5A1B4F03252C048DA821970D24440AAED7A780F3352C0CC036E057BD244409CD05E20333352C0B53E660F87D244404E021B5A503352C05FC3625490D244404AED4EEF693352C0A94001E197D24440EE1F7D169C3352C08EF2B257A7D24440261DBD91B73352C084741748C2D24440E8A0BCC4D63352C0E6D4A5C1DFD2444027589F7EF63352C0233A6605FCD24440C413B551143452C06F63C29618D34440
5,-72.8768159397,41.6156860071,None,17172098,115000,line,0102000020E61000002D00000032FBF1B1793752C094F2F3DC58CB4440D85851E6793752C04B0F62F45ACB4440AE45B4F87E3752C00200481881CB4440852BD533543752C04D42524E86CB44400C1159A03B3752C0294B50C1A9CB444098834D95253752C0581198EACACB4440A0DDB101293752C038BF4E01FBCB4440A937166E2C3752C0D079601D2BCC44407C5E1A462A3752C0172B045872CC444043D0A2312D3752C0C7229CC9A9CC44405FA0AD04303752C0C9E39C62DFCC44401599A2D6343752C0AF0CC7E43ACD444037068224383752C031D52BA379CD444014C22C963B3752C01193D801BBCD4440E8F1FFB63D3752C013971461E3CD44405E94CABE403752C0B3CA72E71CCE444087AA1B69633752C078648B9C3FCE4440B0BCEB66773752C0EC3053A153CE444023A3A09A943752C04521B5DE70CE44404FE92A8AAA3752C01F4748D486CE4440F1F702B2D83752C06839DD0AB5CE4440D316C7FCF03752C09574C25CCDCE4440F6594F9B063852C09D3EA702E3CE4440336F1CAC293852C0B1F5021E06CF4440DB964E59463852C066B58ED322CF4440125B93B4633852C0D9EEA33740CF4440A04232A6713852C0CB9B7C2D4ECF44409198BFA1853852C0AD6D68C779CF4440EB9E1FEC943852C0FC58AA259BCF4440F4953EF7A53852C02BB99154C0CF4440D4C753E7BA3852C0F6620505EECF4440F74A6C4FC83852C0BED974450BD044408E9CD39FD73852C03E9884AF2CD0444076E14165F13852C0BD6C6CE964D04440C9318D8B043952C03C00C0B18ED04440E19863F9153952C012C2D7B7B4D044401F7A90F4293952C055232E4EE0D04440A854B8A6383952C043DACF5F00D14440C6613F46483952C00772A97422D14440845BE2ED4F3952C0685FB3445AD14440C6BE7689573952C0ADE160BB91D14440F552AE275F3952C0DA9A4444C9D144409CF41ED2653952C01D1C46DEF9D14440B95D56296E3952C0C3F850AC36D2444029D3E10C763952C0DAF3E82E70D24440
6,-72.9135640345,41.6500048999,None,140027090,115000,line,0102000020E61000001000000029D3E10C763952C0DAF3E82E70D244409FD96B93883952C050508A0782D24440B2594EF2AF3952C03FF632469FD244406F8B125CD53952C0822CAD54BBD2444060A11CFCEA3952C0DDB52597CBD2444093BCA996183A52C0586A98A5EDD2444027F2BC40413A52C0263D7CC80BD34440E2B81F14643A52C04F1305A825D34440BCCFA0DF7F3A52C0E68FCE533AD344403E342A5B973A52C06E4122B94BD344409777F903BA3A52C02268B17F65D344408476F02BE53A52C0FE66786C85D344400CF794570C3B52C0A552C770A2D34440023904BE3C3B52C01EDB94BCAAD344408386A10B563B52C027EFAB03D4D34440C72231C75B3B52C0DB37AA720ED44440
7,-72.9556299443,41.6576459564,None,140027113,115000,line,0102000020E610000022000000C72231C75B3B52C0DB37AA720ED4444015EE53225A3B52C03A5D669411D4444053DCDD807A3B52C023DA243B0CD44440CD8B125A833B52C09DEA4CC50AD4444051604B08933B52C03DE1A02E08D44440A7C81656B43B52C0E142ED56C4D34440E15140CEBB3B52C0AFDFD31FB5D34440C8335CC4E93B52C0D7AEDAAABED34440826FA28A073C52C0F41B8DD9C4D34440CC50D7B5233C52C044AF39B3CAD34440F80D8CA5383C52C0F1F5570CCFD344408D01EFC2513C52C0B030BB42D4D34440842A385C793C52C09D8C777CDCD34440C915E275943C52C00709B21CE2D34440A2ECD277B83C52C0EA0CFD96E9D344401747B88ADC3C52C0A2B406CFDED344407883E0DD1A3D52C0B007462FCCD34440E216B9E0343D52C091A7F168C4D34440999E4B6C4D3D52C086F63613BDD34440AECE53EB713D52C0DAD1192BB2D34440E4847B61953D52C0A39E5C92A7D34440AFBB9597B83D52C03CB1C00C9DD34440DF90D71CD53D52C0DB3890E7E3D344405CCFB61DEB3D52C0C2931DFB19D4444087431969FD3D52C05170B0824FD444409FF3417B113E52C0D962AEEF89D44440DD3B42F21F3E52C05D4BE555B4D44440A66C946E303E52C0DA2443AFE4D44440FF522CD4433E52C0E6B743461DD54440290E9AB6543E52C09A2F99514FD5444035B09DB3663E52C0FB9C082E82D544407DCB8012753E52C0A08EAA738ED54440F7EED85C8B3E52C02638AC7D8DD5444034194B8EA83E52C029CAD91E8BD54440
8,-72.9819111208,41.6746610216,None,140027087,115000,line,0102000020E61000000800000034194B8EA83E52C029CAD91E8BD54440529D099CB03E52C0BA0147C9A5D544400CB74DDEC73E52C0D1F0364A20D644402FA12C54D63E52C01098626F61D644406BBE4E90E03E52C00875CEA094D64440373A472CF13E52C0B9EDEFEACAD64440251A50CD003F52C0BA2285F7FBD64440DFBA2F700E3F52C0540E8D1227D74440
9,-72.9857940869,41.6815148746,None,377213118,115000,line,0102000020E610000003000000DFBA2F700E3F52C0540E8D1227D744407C103FB7183F52C0725CE36145D744401389F627243F52C0129F1E7D48D74440
10,-72.8768159397,41.6156860071,None,17172098,115000,line,0102000020E61000002D00000032FBF1B1793752C094F2F3DC58CB4440D85851E6793752C04B0F62F45ACB4440AE45B4F87E3752C00200481881CB4440852BD533543752C04D42524E86CB44400C1159A03B3752C0294B50C1A9CB444098834D95253752C0581198EACACB4440A0DDB101293752C038BF4E01FBCB4440A937166E2C3752C0D079601D2BCC44407C5E1A462A3752C0172B045872CC444043D0A2312D3752C0C7229CC9A9CC44405FA0AD04303752C0C9E39C62DFCC44401599A2D6343752C0AF0CC7E43ACD444037068224383752C031D52BA379CD444014C22C963B3752C01193D801BBCD4440E8F1FFB63D3752C013971461E3CD44405E94CABE403752C0B3CA72E71CCE444087AA1B69633752C078648B9C3FCE4440B0BCEB66773752C0EC3053A153CE444023A3A09A943752C04521B5DE70CE44404FE92A8AAA3752C01F4748D486CE4440F1F702B2D83752C06839DD0AB5CE4440D316C7FCF03752C09574C25CCDCE4440F6594F9B063852C09D3EA702E3CE4440336F1CAC293852C0B1F5021E06CF4440DB964E59463852C066B58ED322CF4440125B93B4633852C0D9EEA33740CF4440A04232A6713852C0CB9B7C2D4ECF44409198BFA1853852C0AD6D68C779CF4440EB9E1FEC943852C0FC58AA259BCF4440F4953EF7A53852C02BB99154C0CF4440D4C753E7BA3852C0F6620505EECF4440F74A6C4FC83852C0BED974450BD044408E9CD39FD73852C03E9884AF2CD0444076E14165F13852C0BD6C6CE964D04440C9318D8B043952C03C00C0B18ED04440E19863F9153952C012C2D7B7B4D044401F7A90F4293952C055232E4EE0D04440A854B8A6383952C043DACF5F00D14440C6613F46483952C00772A97422D14440845BE2ED4F3952C0685FB3445AD14440C6BE7689573952C0ADE160BB91D14440F552AE275F3952C0DA9A4444C9D144409CF41ED2653952C01D1C46DEF9D14440B95D56296E3952C0C3F850AC36D2444029D3E10C763952C0DAF3E82E70D24440
11,-72.9135640345,41.6500048999,None,140027090,115000,line,0102000020E61000001000000029D3E10C763952C0DAF3E82E70D244409FD96B93883952C050508A0782D24440B2594EF2AF3952C03FF632469FD244406F8B125CD53952C0822CAD54BBD2444060A11CFCEA3952C0DDB52597CBD2444093BCA996183A52C0586A98A5EDD2444027F2BC40413A52C0263D7CC80BD34440E2B81F14643A52C04F1305A825D34440BCCFA0DF7F3A52C0E68FCE533AD344403E342A5B973A52C06E4122B94BD344409777F903BA3A52C02268B17F65D344408476F02BE53A52C0FE66786C85D344400CF794570C3B52C0A552C770A2D34440023904BE3C3B52C01EDB94BCAAD344408386A10B563B52C027EFAB03D4D34440C72231C75B3B52C0DB37AA720ED44440
12,-72.9556299443,41.6576459564,None,140027113,115000,line,0102000020E610000022000000C72231C75B3B52C0DB37AA720ED4444015EE53225A3B52C03A5D669411D4444053DCDD807A3B52C023DA243B0CD44440CD8B125A833B52C09DEA4CC50AD4444051604B08933B52C03DE1A02E08D44440A7C81656B43B52C0E142ED56C4D34440E15140CEBB3B52C0AFDFD31FB5D34440C8335CC4E93B52C0D7AEDAAABED34440826FA28A073C52C0F41B8DD9C4D34440CC50D7B5233C52C044AF39B3CAD34440F80D8CA5383C52C0F1F5570CCFD344408D01EFC2513C52C0B030BB42D4D34440842A385C793C52C09D8C777CDCD34440C915E275943C52C00709B21CE2D34440A2ECD277B83C52C0EA0CFD96E9D344401747B88ADC3C52C0A2B406CFDED344407883E0DD1A3D52C0B007462FCCD34440E216B9E0343D52C091A7F168C4D34440999E4B6C4D3D52C086F63613BDD34440AECE53EB713D52C0DAD1192BB2D34440E4847B61953D52C0A39E5C92A7D34440AFBB9597B83D52C03CB1C00C9DD34440DF90D71CD53D52C0DB3890E7E3D344405CCFB61DEB3D52C0C2931DFB19D4444087431969FD3D52C05170B0824FD444409FF3417B113E52C0D962AEEF89D44440DD3B42F21F3E52C05D4BE555B4D44440A66C946E303E52C0DA2443AFE4D44440FF522CD4433E52C0E6B743461DD54440290E9AB6543E52C09A2F99514FD5444035B09DB3663E52C0FB9C082E82D544407DCB8012753E52C0A08EAA738ED54440F7EED85C8B3E52C02638AC7D8DD5444034194B8EA83E52C029CAD91E8BD54440
13,-73.0333108934,41.6657700041,115kV transmission line,140027117,115000,line,0102000020E61000003A00000034194B8EA83E52C029CAD91E8BD5444048A75740C33E52C0941C366A86D54440814F6F3FE63E52C01757088481D5444072A97DE7083F52C02FF964D87CD5444079D2E88C2B3F52C01A7B85B173D5444051B93D814D3F52C0858E57F36AD54440137DC00F6B3F52C02FA04DFB62D54440DFC7CC52943F52C0E478377165D54440F966DE5EB63F52C00D0BB4E25FD5444022EDD1CDD73F52C03AB6BBED59D54440054AD266EA3F52C041C2542F58D54440B14279A4164052C00DCAA6B354D54440A6E72D6C394052C06CFEDDB050D54440171EBD7F594052C0077627BC4CD54440C31731AD6C4052C0A5F617334AD54440534F641AAD4052C0C08F79AB41D544409E8E9D78BF4052C0443169223FD544403789A2ADCB4052C0CF2EC1B63DD54440B4CB025BF04052C00263EEEE38D5444087C59B86154152C0D996830234D54440548E74E1304152C0C12A238E30D54440B8B243574D4152C06BAF68992CD544406FEC35A26D4152C0641CED5128D5444008F9D868824152C09686386E25D544402121B306AC4152C0BA84AA8020D54440832C4F41C64152C057F971EE1CD544404E4C7D49EB4152C014320A2618D54440E635519C124252C08016CB8B13D544409E6F43E7324252C0D86F1BF20ED544400B9714AE4F4252C06223F62A0BD544401BEE52717D4252C0C803014405D544400A624768964252C0FE50B0E601D54440C2FE38B0D84252C0511C7A48F9D444408B1AD99DF54252C05DBCC3D5F5D4444035D03B55024352C09BEEF201F4D44440C0D474522E4352C026516B23EED444401FB525E44A4352C04891956CEAD4444002A611D3664352C01CD9E672E7D4444044BF796C8B4352C07AD738CDE1D444401687AC21AC4352C0874E0EBADDD4444056DFBDB8EE4352C048ACB747D5D44440DD42AEFC044452C04A5FECCFD1D4444066245EEA134452C0FC002188CFD4444085A74F08354452C007276443DAD444404F7AAABF484452C03390E99EE0D44440EF0E8A4E5D4452C0A3041A82E7D44440EFE66C3E7A4452C003B1BCDFF0D44440CE48A1978F4452C0C8ECB54BF8D4444040CB89DEA34452C0D761EF89FED4444010ED253EB94452C08D4FE7FE05D5444021AC046DC84452C0E5A76AA40AD54440BA25963BB44452C0F5F5E84F36D544401E5C63839C4452C07E6C38B85DD54440334E8FF4894452C0CE6776FF75D5444042659D2E834452C087A19BB8EED54440C0DBFD317A4452C03BB1EAA50BD644409519FBA56F4452C0484C9B0447D64440A96FD927734452C0FA8B761A6DD64440
14,-72.8768159397,41.6156860071,None,17172098,115000,line,0102000020E61000002D00000032FBF1B1793752C094F2F3DC58CB4440D85851E6793752C04B0F62F45ACB4440AE45B4F87E3752C00200481881CB4440852BD533543752C04D42524E86CB44400C1159A03B3752C0294B50C1A9CB444098834D95253752C0581198EACACB4440A0DDB101293752C038BF4E01FBCB4440A937166E2C3752C0D079601D2BCC44407C5E1A462A3752C0172B045872CC444043D0A2312D3752C0C7229CC9A9CC44405FA0AD04303752C0C9E39C62DFCC44401599A2D6343752C0AF0CC7E43ACD444037068224383752C031D52BA379CD444014C22C963B3752C01193D801BBCD4440E8F1FFB63D3752C013971461E3CD44405E94CABE403752C0B3CA72E71CCE444087AA1B69633752C078648B9C3FCE4440B0BCEB66773752C0EC3053A153CE444023A3A09A943752C04521B5DE70CE44404FE92A8AAA3752C01F4748D486CE4440F1F702B2D83752C06839DD0AB5CE4440D316C7FCF03752C09574C25CCDCE4440F6594F9B063852C09D3EA702E3CE4440336F1CAC293852C0B1F5021E06CF4440DB964E59463852C066B58ED322CF4440125B93B4633852C0D9EEA33740CF4440A04232A6713852C0CB9B7C2D4ECF44409198BFA1853852C0AD6D68C779CF4440EB9E1FEC943852C0FC58AA259BCF4440F4953EF7A53852C02BB99154C0CF4440D4C753E7BA3852C0F6620505EECF4440F74A6C4FC83852C0BED974450BD044408E9CD39FD73852C03E9884AF2CD0444076E14165F13852C0BD6C6CE964D04440C9318D8B043952C03C00C0B18ED04440E19863F9153952C012C2D7B7B4D044401F7A90F4293952C055232E4EE0D04440A854B8A6383952C043DACF5F00D14440C6613F46483952C00772A97422D14440845BE2ED4F3952C0685FB3445AD14440C6BE7689573952C0ADE160BB91D14440F552AE275F3952C0DA9A4444C9D144409CF41ED2653952C01D1C46DEF9D14440B95D56296E3952C0C3F850AC36D2444029D3E10C763952C0DAF3E82E70D24440
15,-72.9135640345,41.6500048999,None,140027090,115000,line,0102000020E61000001000000029D3E10C763952C0DAF3E82E70D244409FD96B93883952C050508A0782D24440B2594EF2AF3952C03FF632469FD244406F8B125CD53952C0822CAD54BBD2444060A11CFCEA3952C0DDB52597CBD2444093BCA996183A52C0586A98A5EDD2444027F2BC40413A52C0263D7CC80BD34440E2B81F14643A52C04F1305A825D34440BCCFA0DF7F3A52C0E68FCE533AD344403E342A5B973A52C06E4122B94BD344409777F903BA3A52C02268B17F65D344408476F02BE53A52C0FE66786C85D344400CF794570C3B52C0A552C770A2D34440023904BE3C3B52C01EDB94BCAAD344408386A10B563B52C027EFAB03D4D34440C72231C75B3B52C0DB37AA720ED44440
16,-72.9291788567,41.6668233149,None,140027109,115000,line,0102000020E610000017000000C72231C75B3B52C0DB37AA720ED444403FE5C3B35A3B52C07BF3347148D44440ED034E625F3B52C0AE66EA6C9AD444400A3D73BE603B52C02128C43EB0D444409F9FF114623B52C075B2CBD3C9D44440C966423D623B52C0E353C41BE4D44440231700EE5B3B52C04A14778407D54440FC7FE80A4F3B52C00DD72E0A43D544407694B6C0473B52C0CF3BB2FB65D54440885D3128423B52C032057E547FD5444070F8A1C7343B52C0EF165E14BFD544409FEC17383D3B52C0604440D2CAD544402CAD66094F3B52C0777E389FDAD5444004051E445D3B52C0819D6C92E5D54440E46F2E54703B52C0FDF70503F0D5444081807911803B52C0D65E0F1FF4D5444086B37381943B52C0A4F9FDDDF5D54440D47F10FAAF3B52C05E6AB56AF1D544401E116B45C93B52C03630A03AEAD54440740C9B5DDD3B52C0B25B3145E4D54440EF5F1F7FED3B52C0165095A7E3D54440F49219EF013C52C0BDB851BDE6D544403EB28A68183C52C05ABC8DF0EBD54440
17,-72.9399225747,41.6713182529,None,377213132,115000,line,0102000020E6100000050000003EB28A68183C52C05ABC8DF0EBD54440D23A8CEF2E3C52C06172FFB3F2D54440A41831B5303C52C05ABE569CE8D54440BA3EFD3B2D3C52C06C1C0941E7D544406512EE382B3C52C0BB1F6576E6D54440
18,-72.8768159397,41.6156860071,None,17172098,115000,line,0102000020E61000002D00000032FBF1B1793752C094F2F3DC58CB4440D85851E6793752C04B0F62F45ACB4440AE45B4F87E3752C00200481881CB4440852BD533543752C04D42524E86CB44400C1159A03B3752C0294B50C1A9CB444098834D95253752C0581198EACACB4440A0DDB101293752C038BF4E01FBCB4440A937166E2C3752C0D079601D2BCC44407C5E1A462A3752C0172B045872CC444043D0A2312D3752C0C7229CC9A9CC44405FA0AD04303752C0C9E39C62DFCC44401599A2D6343752C0AF0CC7E43ACD444037068224383752C031D52BA379CD444014C22C963B3752C01193D801BBCD4440E8F1FFB63D3752C013971461E3CD44405E94CABE403752C0B3CA72E71CCE444087AA1B69633752C078648B9C3FCE4440B0BCEB66773752C0EC3053A153CE444023A3A09A943752C04521B5DE70CE44404FE92A8AAA3752C01F4748D486CE4440F1F702B2D83752C06839DD0AB5CE4440D316C7FCF03752C09574C25CCDCE4440F6594F9B063852C09D3EA702E3CE4440336F1CAC293852C0B1F5021E06CF4440DB964E59463852C066B58ED322CF4440125B93B4633852C0D9EEA33740CF4440A04232A6713852C0CB9B7C2D4ECF44409198BFA1853852C0AD6D68C779CF4440EB9E1FEC943852C0FC58AA259BCF4440F4953EF7A53852C02BB99154C0CF4440D4C753E7BA3852C0F6620505EECF4440F74A6C4FC83852C0BED974450BD044408E9CD39FD73852C03E9884AF2CD0444076E14165F13852C0BD6C6CE964D04440C9318D8B043952C03C00C0B18ED04440E19863F9153952C012C2D7B7B4D044401F7A90F4293952C055232E4EE0D04440A854B8A6383952C043DACF5F00D14440C6613F46483952C00772A97422D14440845BE2ED4F3952C0685FB3445AD14440C6BE7689573952C0ADE160BB91D14440F552AE275F3952C0DA9A4444C9D144409CF41ED2653952C01D1C46DEF9D14440B95D56296E3952C0C3F850AC36D2444029D3E10C763952C0DAF3E82E70D24440
19,-72.8967182209,41.6537049665,None,140027094,115000,line,0102000020E61000001300000029D3E10C763952C0DAF3E82E70D244400F1C17E36E3952C0B5452FBB94D244407A508B71683952C0B507589AB5D244408B601170613952C0E9A2C758D9D244402C4F74855D3952C0FA779150EDD24440F7CD73B05F3952C0229C52850DD34440ADDD54B0623952C0E3CEAC0F3AD344402B387BE9653952C0FCF0D2EE69D34440C1A51C04693952C0D46F210A98D344406C60CD576B3952C04794AB98BAD34440849303B06D3952C08A194067DDD34440446F3F5C703952C042E0D61905D444402FF0BC3E733952C017D2E6F12FD4444012D3DE1A5F3952C05170B0824FD4444029A796224E3952C0860D1F1C6AD44440B51136EC503952C078C73EA68BD44440261EB4B4533952C03FB84A2CADD444404225662C573952C0E50620EBD6D444401171593B5A3952C060E20954E0D44440
20,-72.8677743773,41.588364207,None,288016199,115000,line,0102000020E61000000C000000C31C134F9C3752C0ADC023613ACB4440605C03588F3752C0609F412C51CB4440B9E329DB883752C0B903346854CB4440A3C2ABF0813752C013626A8F56CB44402CB7C65F803752C03B44F90B57CB4440E28DB9AD7E3752C06203558257CB4440B40251587B3752C047EDF96958CB444032FBF1B1793752C094F2F3DC58CB44401B4A091E783752C04A1E4B4A59CB4440B906F94E763752C07F87FAC759CB444072B8EFF7753752C0F5307B2F57CB444039AA7E9A753752C09B4CC46854CB4440
21,-72.8845742995,41.579180119,Southington - Todd 115kV transmission line,140175140,115000,line,0102000020E61000001B00000024A34887BF3952C0E7D6051872C944405D04A8C1AD3952C023C6085672C944404CC1412F933952C0585B5F9977C94440B9FC4A67863952C090294C777BC944405DDAF6B6533952C00B61EDB787C94440246438C03B3952C0BA0ABC9E8DC9444093968C8B1D3952C0FDCABE109DC9444019A10C9D033952C037C9506CAAC94440913D1C59ED3852C07E36D0EFB0C944406223164AD63852C0DF1058B4B4C9444047417A53C43852C0A5C286D5C5C94440BB607D79A93852C0B0E729C1DDC944409F6C3683953852C01E31D8A1F0C94440C213DEE07D3852C04303C03C0FCA444049B249486D3852C02B73111D25CA44408FC3D6D2603852C0AC069F9F35CA444040936D6D3C3852C0BC314B6571CA4440324137E2333852C08E50520680CA44401BC5BB53283852C0C60E019B93CA4440A5657B36153852C0B6120D08AECA4440D8A030F6013852C08D6E9C0BC8CA44400CBC1DD1F23752C0D653E63BDACA44404069BC62E23752C0235DC08DEECA444069E6335BC93752C02F9E759114CB4440A931553DBC3752C0B26D54E625CB44403C3E248CAE3752C032EEE3D934CB4440C31C134F9C3752C0ADC023613ACB4440
22,-72.9022197126,41.5737997209,115kV transmission line,140175137,115000,line,0102000020E61000000300000024A34887BF3952C0E7D6051872C9444062FEB37FBD3952C0AB01DF9876C9444025E3CBE2BD3952C02338B0D86BC94440
23,-72.8677743773,41.588364207,None,288016199,115000,line,0102000020E61000000C000000C31C134F9C3752C0ADC023613ACB4440605C03588F3752C0609F412C51CB4440B9E329DB883752C0B903346854CB4440A3C2ABF0813752C013626A8F56CB44402CB7C65F803752C03B44F90B57CB4440E28DB9AD7E3752C06203558257CB4440B40251587B3752C047EDF96958CB444032FBF1B1793752C094F2F3DC58CB44401B4A091E783752C04A1E4B4A59CB4440B906F94E763752C07F87FAC759CB444072B8EFF7753752C0F5307B2F57CB444039AA7E9A753752C09B4CC46854CB4440
24,-72.8845742995,41.579180119,Southington - Todd 115kV transmission line,140175140,115000,line,0102000020E61000001B00000024A34887BF3952C0E7D6051872C944405D04A8C1AD3952C023C6085672C944404CC1412F933952C0585B5F9977C94440B9FC4A67863952C090294C777BC944405DDAF6B6533952C00B61EDB787C94440246438C03B3952C0BA0ABC9E8DC9444093968C8B1D3952C0FDCABE109DC9444019A10C9D033952C037C9506CAAC94440913D1C59ED3852C07E36D0EFB0C944406223164AD63852C0DF1058B4B4C9444047417A53C43852C0A5C286D5C5C94440BB607D79A93852C0B0E729C1DDC944409F6C3683953852C01E31D8A1F0C94440C213DEE07D3852C04303C03C0FCA444049B249486D3852C02B73111D25CA44408FC3D6D2603852C0AC069F9F35CA444040936D6D3C3852C0BC314B6571CA4440324137E2333852C08E50520680CA44401BC5BB53283852C0C60E019B93CA4440A5657B36153852C0B6120D08AECA4440D8A030F6013852C08D6E9C0BC8CA44400CBC1DD1F23752C0D653E63BDACA44404069BC62E23752C0235DC08DEECA444069E6335BC93752C02F9E759114CB4440A931553DBC3752C0B26D54E625CB44403C3E248CAE3752C032EEE3D934CB4440C31C134F9C3752C0ADC023613ACB4440
25,-72.9388993395,41.5743974972,Southington - Todd 115kV transmission line,141130161,115000,line,0102000020E61000002800000024A34887BF3952C0E7D6051872C94440BB2B577CCF3952C01B127C3F72C944405B82FABCE93952C0CE1122BC71C94440C42CBFED013A52C0C8483DB276C94440A1A5D2061C3A52C02E2F2CE97BC94440F9E41395363A52C003090D9781C944406BB4CF2C5C3A52C05CC92D4889C94440B512F7118A3A52C0809415B692C94440DC423B799C3A52C0DF14896C96C94440DD03323BBB3A52C0A21D41A29CC94440C571372ED53A52C01A777103A2C944407054B2BFF03A52C00EE7CC09A8C944408C6AFB390B3B52C00AB3957DADC9444006C74136263B52C0829CD9B3B3C94440C2747E3C403B52C012F0342CB8C9444006492FBA633B52C09062ECFCBEC944407FDC29C9783B52C0638385F0BEC94440046810D3853B52C0B622ABFABEC94440F25D4520A63B52C0B979FA85BEC9444089D52FA1CA3B52C08DEF47BEB7C94440A0B3300FDB3B52C0371BC95FB4C9444035A30512EC3B52C0F9F893F6B0C94440B09F1AAAFF3B52C01690E8F2ACC94440082C2F892B3C52C029E5C49DA4C944404801931A433C52C01A6F96CE9FC944402B69A9095E3C52C01B84C6C49AC94440AAC997FC733C52C0BC673C3996C944407A5441778E3C52C00B95E0368FC94440AA72D5A0AD3C52C0FBDFD5E286C94440BB3A8318C13C52C0317397E281C944402B1D9DC3DC3C52C073C8FB927AC944404C103E14F63C52C00D9946FC73C944409BD7995E153D52C054FD24E16BC944409A435B36423D52C0B2A0A5ED60C94440572B000C7E3D52C044D7EDDF50C94440E35DCB00D63D52C0E0ADB1E650C94440AA17D9A0F43D52C0134953CD50C94440EB31BB57363E52C031E4F4B350C94440085561355D3E52C0343F435A51C94440ABE40C046F3E52C054A598D451C94440
26,-72.6118499291,41.7661113661,115kV transmission line,140983826,115000,line,0102000020E6100000420000004446476AB72352C046F930F7A5E24440D2625361BB2352C0E4374BA4A4E24440615A5645C72352C087C41A389FE244401BFFB694E32352C0E9CDADB799E24440A2A45765092452C0F194BB34A5E244407B6D38F02C2452C0EFB57FA8AFE24440B4954938532452C00E26252DA6E24440C438E12E752452C0835B6E029EE24440449FA449972452C0720D1C2695E24440298908FDB22452C0637C706F8EE244400A2D07BFCA2452C044BFF83488E2444035632DBCE22452C04F6BA0587FE244400184E24F1E2552C0206EC55370E2444047A4F96E2F2552C09CB8566596E2444001E28642512552C0C741F3E0BCE244407D52BF4B722552C0CDF7A1CDE2E24440837D71FE982552C03CBE9503E3E24440B7948A5AB12552C07D1EBE36E1E2444007EA0941C72552C067855669DFE244404C808BDEE92552C0B54BE2E5D6E244403F416D02072652C0E97BC3F8CDE24440D7E8835A252652C039B3B730C7E2444056F449D1422652C04A7BAE56C0E24440C8A58491702652C0B0A11516B4E24440F2E232CA882652C032956C71ADE24440F2256AE2AE2652C054BD488BA3E24440938EB822CB2652C064D6616AB6E2444068D4B7EFDD2652C0642A9C2AADE24440E1B545D1F12652C06637E0D6A2E24440D87100A3052752C07771D66998E244401C591CA2182752C0178C4B3C8EE24440D3A7C07B2C2752C0EA0855EB83E24440D0B94431422752C09DD28DE47BE2444088211C46582752C04F4F271C74E244408B5B9EF16C2752C0DF96A0D77BE24440CFF09803792752C03A9BDD857EE24440AE82ECC58E2752C00F70649A81E24440BB08C366A62752C0432FEED780E24440D671ED4FB52752C0A07D9E617FE244401D5DA4D7C92752C0502DD1FF7CE244403110BA9CDC2752C05D2912626BE244408CE1B94FEF2752C0C4FB997559E24440DA7BFDBFFF2752C082C2178B4AE24440AE1AA6B5192852C02F413EE12AE24440002DA81F392852C05C8DF26404E24440DF149E7B642852C0208EE1C9EBE1444097129B858E2852C0E028A8F0D3E1444093E81C8CB42852C0C66DF860D0E14440A31D59CBDB2852C04E64B1DFCFE14440A9DB6F48F52852C072F8DD9B9BE144400DE404F41D2952C0A9F47D9E9EE14440929C1046332952C00EE32D9E9DE14440AB7C58C1472952C02877C5416EE144402EBA9E8A5C2952C074893D5963E14440E6C137CD712952C02D7938F257E144407D1720CA8F2952C0EC71C23B48E1444011975208A22952C02FFFF0340FE144408B8B58D99E2952C018EDF7ECD3E04440CD9CBE19A62952C059DFC93B99E0444061D9B93F922952C0665D835D7FE044400DD948F9812952C00304F77468E044404E40A4A5682952C044B1763545E044404CAA71425B2952C04BB47E511FE04440F92B4EC04B2952C065557F45F3DF4440C86F3208382952C023A19C25C1DF44403D9C9291292952C0CB66562AB4DF4440
27,-72.102948644,41.4338706796,None,140435446,115000,line,0102000020E610000007000000E6F2206A770652C0BEB0803C20B8444032F66487930652C0E3FA76CAF8B74440180A2D58960652C0D83062B7B9B74440639C5493960652C04BB0A6677EB74440A39487989B0652C0F19C992348B74440F0E87285A10652C02E49D94B0FB74440D969F067A40652C0B2498361E3B64440
28,-72.0987069542,41.4403313233,None,140435444,115000,line,0102000020E610000002000000703CD1032B0652C0F34AC75099B84440E6F2206A770652C0BEB0803C20B84440
29,-72.0084772483,41.4087456216,Mystic to Montville 115kV transmission line,140415424,115000,line,0102000020E610000080000000805373435EFD51C01BB92F6ADAAE4440B02F9D443EFD51C0778CA933D3AE44408B3DA2991FFD51C02E190C4ACCAE4440D22057C816FD51C0B8A54A15FDAE444029564FF00FFD51C08EFB780E24AF444023E50BC407FD51C031E866D74AAF4440C5D37B47FDFC51C02F97B2B57BAF444052C36F64F2FC51C0FDBAFDEFB0AF4440D6881110EBFC51C0171025CCDBAF44409832F4B3E2FC51C0F92783A706B04440676A0224D9FC51C0FA6DF7573EB044405FE713F8CEFC51C0C114F0CF78B04440F48594FDBFFC51C0920FEFD390B0444068BC8351A3FC51C0D9102ECCBEB044400F1DF7828EFC51C01452CE28E0B04440D6AF144374FC51C0FCD2123E0AB144408C2001055FFC51C0C3AB0F4D2CB144401296D53E4EFC51C0DB6CCD3147B14440C4DF57044AFC51C07F04589A77B144405483FF5B44FC51C003BE825CB8B14440F651A7FA3DFC51C035990E6501B24440E2FBC8783AFC51C08C3F988D29B24440AC2F2FF235FC51C09E8123595DB2444025B24BF12FFC51C08A3C860EA2B24440D41066692CFC51C051BB6C78CAB244402467B23F29FC51C0C4F3BF26EEB24440E1DCCD8325FC51C021515F551DB344401E375F1E43FC51C0F9BF35E840B34440A3418C5D5FFC51C08B29978F60B344405EC6313679FC51C0E53451B97EB344401CDD7B5798FC51C08EC12BAFA1B34440F473F66BB7FC51C03F88E0A8C5B344408743F61BD3FC51C0D8B72BBFB1B3444011A4EC3EF1FC51C0FB3648D09CB344409048DF3914FD51C055792F5284B34440C06DFB9E33FD51C09D8AFF546EB344406B4CF58340FD51C00C2D64635EB34440E1CBF01756FD51C0EDF961B443B34440F3278AE572FD51C093AA7D871AB34440D4BFB2CF94FD51C07EE6CBD4E5B24440DF1A9EC7AEFD51C0107A4B44E8B244405CF2A94CCAFD51C045F5ECCEEAB2444071E2484CE3FD51C03C6EC1A9ECB24440A2A726DF01FE51C088559C88EFB244409E8D0CD825FE51C054056A1DF2B24440CE8209D444FE51C073BD2DEAF4B244401228150685FE51C00FE0AA55EEB244406E8BB9019DFE51C0B6058E9BEBB24440B0F88995CCFE51C080257F30F0B24440F2F2B0D50BFF51C098752DA8F6B244406B71F9552DFF51C042375812DDB24440DC4EC56453FF51C0C1336152C0B24440C967BCB767FF51C02945692FB2B24440DD03E64E7CFF51C07ED3A4A8AEB24440A51470E690FF51C0612016F4AAB24440C10E7F96B7FF51C0B3437651A5B24440833240F7D5FF51C04337AE9DBAB244409C381811F9FF51C039F381DBD4B244404DDEF7BB230052C065AAC54AF4B24440FECDF6FA370052C0238CAEDE02B3444010F3DBB55A0052C0C5B696B300B344408FF405F48C0052C091F87017FEB24440E8720A5CB80052C019B9F29AFBB2444048CC2CFBD70052C08C586551FAB244403362099A040152C09044C721F8B24440F5CA9BF2160152C087A4EA7B0DB34440C2DA7FE4300152C0C7909C7B2CB344408FEA63D64A0152C0C99C7CDD4AB34440FF5CDBBC670152C0F578567F6DB34440486005FE900152C0F15E98F09EB344401D939949B40152C0B295177AC8B344400DB4ACD1D80152C0A9608BD4F3B344409FAE7D4EFF0152C03D069D8321B44440B938DDCB2D0252C0CA7676A159B444403D731C06510252C0B033A31983B444406A9B328C680252C05D6F27009FB4444024DBF9FE940252C00C03F5F8D3B44440C411E2C8AC0252C08ABA34C5EFB444402B63E3F4CA0252C08525F83614B5444083409FA3E00252C0B905422C2FB54440CB1BFFA6F00252C095E1072638B544407C5F66E00F0352C0E293493E48B54440E661678A0B0352C09F13F62775B54440FFFB705E080352C0F7CCFE0396B54440D5840784040352C01B9899EFBDB5444075EA9499FF0252C06BA725DEF0B544402C418E9EFA0252C0E40AE67524B644403EC3FD6EF60252C01BE56AD34FB644401DF6DF4EF20252C0D719AD8F7AB64440D2FAAAF8EC0252C068BBB7D6B1B64440E53EEBE8E70252C00A81ED47E6B64440122604F6E30252C0271B782E0FB744409CBC340EDF0252C0098101FD41B74440A6B66716DB0252C097BC971B6BB74440AEA7B1F9DF0252C010B7D1AD8CB744400EA262B6E50252C0C688AE11B4B74440B805A480EB0252C038E901D2DBB74440CAB2E41DF20252C08F02E03C09B84440715BDD03F90252C0128DBF9938B8444028887F59060352C0A8DA188744B844403CB64D39200352C0A228F8EE5CB84440D3605EB2360352C0285A61EB6FB844404EAF9437510352C09A4FC86167B84440DF65543E710352C0ED7712C259B84440BAA7B344910352C04D2D43104CB8444008BFE96EB30352C0E4E70EEA3DB844405D730182CF0352C0CF52131A32B84440F1E89787F60352C073A5E6CB21B84440461CE961280452C0DF1498AD0CB844405402FED4400452C051CBB78002B84440B3328946600452C082B08C1FF5B74440FB783D72790452C0F02E5A31EBB744400BC1E432900452C0285A1754E1B744401D346A2EAB0452C0BA124CDEC8B74440464C02E6D10452C069AEC54AA5B74440DB540A24E50452C01E03A36A93B7444097576FA6F70452C0F5C2BDC998B74440B5083920150552C0EF73DE7CA0B74440DE2EEEBC350552C00B1782EFA8B744403CE841C05C0552C0DB4056E6B1B7444096DB36897C0552C0E767D8D9B9B744409CD23BB89A0552C0CF86B182C2B74440744874CAA00552C07B49DA90E4B74440CA65B3D4B40552C0E4BBEB7F4EB84440B5D813D2BD0552C02A13DEBC7CB844402A4116CADB0552C05FDC04AE9EB84440FD8CD0E2070652C001E16570A9B84440703CD1032B0652C0F34AC75099B84440
30,-72.102948644,41.4338706796,None,140435446,115000,line,0102000020E610000007000000E6F2206A770652C0BEB0803C20B8444032F66487930652C0E3FA76CAF8B74440180A2D58960652C0D83062B7B9B74440639C5493960652C04BB0A6677EB74440A39487989B0652C0F19C992348B74440F0E87285A10652C02E49D94B0FB74440D969F067A40652C0B2498361E3B64440
31,-72.0987069542,41.4403313233,None,140435444,115000,line,0102000020E610000002000000703CD1032B0652C0F34AC75099B84440E6F2206A770652C0BEB0803C20B84440
32,-72.1179796848,41.4943651462,Montville - Card - Lisbon - Tunnel 115kV transmission line,140435434,115000,line,0102000020E610000046000000703CD1032B0652C0F34AC75099B844406EF43EE1150652C0D7689B15B2B84440A81A76CAF40552C0457C9390E6B84440F3C38933F30552C0FFDF3C9930B944406E71846DF10552C0A537075D79B94440276B00CB0C0652C0285A7F58ABB94440A0776CE7240652C08FCD5659D5B944402E93ABEE410652C0C5563DDB07BA44408BE83205600652C0D57227AC3CBA44408074C1FF790652C04204F5D869BA444071E5BBD59A0652C0320D09BEA2BA44404628B413BC0652C0B218A2D7DCBA44401C79C936D70652C02A99ED7D0BBB4440C827A4B2E30652C0D83D19A544BB4440D4527DAFF60652C06DC9CDD693BB44409F9C0FD5020752C0A13D51E1CFBB4440DAB0555A0F0752C0D134F0D503BC4440C0CF33811A0752C044A2EDC93BBC4440CF83EFEB270752C0DDECDB3878BC4440E78A8787380752C08A64DC88B4BC4440ADB73E7B470752C04B537B30EABC444052300B8A540752C00777FBBA18BD4440AB7FBD78660752C00631AE0759BD44406994CDFA7A0752C0EDD4E17699BD4440CF2FE14C890752C015DA5C3BD8BD4440690C7218970752C097A4DE7C0ABE4440AEEC05DCA90752C021D50EF04DBE4440185EDC5ABD0752C094F58C8F94BE4440EAA81C56CC0752C0CED21802CBBE4440B7C4D61FDC0752C0C8397DDF03BF44405E7397BFF50752C09D3D3F0F60BF444007D27D7F0C0852C0950C9D0BB2BF4440ADCA5045160852C0286F2621D6BF444006FB073F130852C05F40A9880AC044405678A4350C0852C069C242615BC04440C844AC100A0852C0035480C897C04440DBD13EA5070852C035DE7988B6C0444084D83BBE040852C0A18AA79BEDC0444028842EC5030852C07836160AFEC04440B8593C93020852C0779F1F3612C144406EBE450FFE0752C0983AEB0846C144402BD6698EFD0752C09FCC253261C14440DC03A51B0C0852C030910C9788C1444064F5AB8D1F0852C08128362BBDC14440C997471B2E0852C0BC0FF74BE4C1444048810B0E450852C0E123D64B23C24440C414138B530852C0189743D14BC24440EFB8A1AD5F0852C03B07CF336BC244405F858FAC6A0852C08C49733588C24440B650ADC9770852C032F037C4AAC2444030FC60F6710852C0CA5DC5A8E2C244405332A60D6E0852C0A7269E110BC3444030D81765670852C03E985A2D50C34440D8FEDC62600852C01B9C92CE98C344409594B31D5F0852C05AF7DCC5A9C344402591110C5A0852C0834B041CDAC344404D7B17CC540852C072DCBF5510C444405917607D4D0852C09EB97F2A5BC444407F16FEEF480852C0F6864EAA89C44440202EF832450852C01504F553AFC444405A13DFD03E0852C0B47884A5E3C444405DDE8BA73B0852C0CBE2E25712C54440D12A9A39360852C0F619DD1149C5444006332901310852C0AEF5A0757DC54440D5CCBC502C0852C066F91E18B0C54440E4D36698270852C09E0E3717E0C544408FEE622C240852C0DE5D8CEE02C644405B7B7F3C200852C0E22DD9252CC644406797C1361C0852C0A0BC336F4BC644408DD1A1D6190852C0E483E7186CC64440
33,-72.1823372449,41.6261167989,Montville - Card - Lisbon - Tunnel 115kV transmission line,140435432,115000,line,0102000020E61000007C0000008DD1A1D6190852C0E483E7186CC6444079ED9FB81F0852C08F6E122F60C64440DD8F2ED8340852C06179AD6581C644400E75D44F4F0852C097AAFB02ABC6444016AC6948650852C0DEE4758ECDC644404202582A790852C0C43E00D1ECC644400AEA4A948D0852C04EF1B4E90CC744402465130FA50852C05055A7D431C74440C082AEC1C70852C0BCC5DF6168C7444059F1D667E10852C059F0B7B490C744401CC8D1E5E70852C004326787B4C74440B6D9CFB6EB0852C0E6F98F97C9C744408E3FA4D6F30852C00C50806FF6C744405BA4BDB2FF0852C0AC2D9EE437C84440B15BE9C2060952C032E8A6DF5EC844407524D4C90C0952C0B5CD7B1F80C844408C3ECA78130952C021739202A5C844403BE1E8F81C0952C03F6E1D70D9C8444001BC7EFF240952C0982E54BB05C94440757528C72C0952C0029515A730C94440FE78DA38420952C0BEABDC1363C9444051B23931570952C07E96646194C94440F511C696680952C075949A48BDC94440362573E4730952C05832FADAD7C9444081795163800952C08F9AFD3BF5C944402ECC7B27940952C093F84DB423CA44407E014097A70952C01F0AF16551CA44405E450087BE0952C0E198715387CA4440326B376FD50952C092764D2CBDCA444064439A5FD60952C0F50D53ABE1CA444044DF895AD70952C0AC59C8B007CB444097DB79F4D80952C06620F3F245CB4440329D9DE5D90952C0024AA8856ACB44405FE63BD2DA0952C0DADD3B678ECB44403D928251E00952C00B85372BC4CB4440859BC71EE60952C074DB3AE8FCCB4440E4CC1F80EC0952C06C9F0D4C3BCC44403CB6BE74F10952C069E0DBC56BCC444071D0EBCDF40952C0BD4F8B858CCC444075E87863FC0952C01F4D31B0D6CC4440A535B2D8FE0952C077D0FCB7EECC444093A19708010A52C067B8631A04CD44407750C6FC130A52C0939CBCCD2DCD44402A10B340210A52C062E4A2FE4ACD4440A52ECA5C3B0A52C026B7377184CD44401F6286994F0A52C0417563F7B0CD44406E7CD0C05C0A52C0408897E7CDCD4440968A12A4680A52C02F051310E8CD4440FDD54B16740A52C04168BF3D01CE444008784F13860A52C014D4CED128CE4440EC86BCD9990A52C0EEE9AB5154CE44403E0EAFA4AD0A52C0582623DD7FCE44405CC4C6BAC00A52C0B5820FDAA9CE4440D5859925D20A52C0228FEF29D0CE4440C63B65F3E60A52C075D54EEEFDCE4440010BDA80FF0A52C06A4EBBF033CF44405ED79805160B52C035398B7965CF444049A730462E0B52C0C90DBBD19ACF444074A221843D0B52C0F9F1F958BCCF4440BC4B1B11490B52C000CD7EC1D5CF44406E022C9E580B52C07CF06EF5F7CF44404EC6F2446C0B52C0830BB32E23D04440585F1A8B800B52C08962A8C64FD044408E1FD1CB950B52C0B5EF1D847ED0444043ACA485AA0B52C074429B19ACD044407A13B29DB80B52C0CA23451ACBD04440763C2FEFC50B52C00B5D0F64E8D04440A58DDCA2DD0B52C0A9CA69831CD144401D8656B2EF0B52C08105A63B44D144406F9DA6B8040C52C0A642917972D144409FE60BAF2E0C52C0298EB0BFCED14440069D9949430C52C08ACA9D0EFCD14440B27DDA3B540C52C0A1C56D5221D2444082C6C6BB650C52C045CEECCC47D244400C8A0240760C52C0F836D01E6CD244407C23CA468F0C52C0CA0EF826A3D24440731F0874A10C52C072D53514AAD244401FB7F6C1AF0C52C0DE300987AFD24440E6D28941D30C52C002F4260EBDD2444026F37916F80C52C0E487C216CBD24440D86600B9170D52C0C0C2FD23D7D24440AEB95CE9360D52C00C08F906E3D244408E246DF9490D52C08C8D887604D344404D947A1F630D52C03D64929230D34440FFEC93E7750D52C020C5208351D34440D4D9DC1D880D52C0B293EC7371D3444056971C30A00D52C0D2E5B8AB9BD344400F2F201CB00D52C0A243AF98B7D34440CEC33655C10D52C0805C4ACCD5D3444032566EF0D10D52C00AB507EDF2D3444046623A4CE50D52C0AED33BDF14D444405B00ABF0FD0D52C0AF905C1640D4444031B8938F130E52C067BA930166D4444040586A5B140E52C01AF19D1687D44440DE5DAC30150E52C0B7C9C8A9A9D4444060DC35D7150E52C0B30C94AFC4D4444091991111170E52C0A97537B8F7D44440D3E12B64180E52C0832596BC2ED54440724024D0190E52C0DF52E1D969D5444038F9B7521B0E52C025272D9DA8D5444093AD031E1D0E52C0F9F78328F3D5444008158CF81D0E52C05DB6E1AD16D64440023834221F0E52C03A29A6E546D644402B443C66200E52C0442CA88E7BD644400F9F0FCE210E52C008CBC5FCB5D64440117A1329230E52C04BBCA840EED64440A70529AD240E52C00930F73A2DD744406B6C8ED4250E52C069BC933F5DD744403D138CF5260E52C09455C52C8CD74440DC48ED33280E52C0149A03CEBFD7444096B3D845290E52C098023C3AECD744401AAD27752A0E52C0276E7E7E1DD84440BE48B6892B0E52C0DA72215E4AD8444003A5CF572C0E52C01F6936DB6BD84440ED40BA143C0E52C052AFD1CA89D84440AF72A5C84D0E52C0F9F0E876ABD84440D632476B610E52C08844EFD1D0D844400F257EFE6D0E52C02B831BBDE8D84440DA6BFC268F0E52C099B03CD027D9444088602F26A60E52C0FA9EC78D53D94440DE2D87E2BD0E52C0F8C8BEB380D9444092764926CC0E52C035D2ABD69BD944403F5B1833E50E52C0FCC7617BCBD94440041FB59DF50E52C07D2205D8E5D94440
34,-72.102948644,41.4338706796,None,140435446,115000,line,0102000020E610000007000000E6F2206A770652C0BEB0803C20B8444032F66487930652C0E3FA76CAF8B74440180A2D58960652C0D83062B7B9B74440639C5493960652C04BB0A6677EB74440A39487989B0652C0F19C992348B74440F0E87285A10652C02E49D94B0FB74440D969F067A40652C0B2498361E3B64440
35,-72.0987069542,41.4403313233,None,140435444,115000,line,0102000020E610000002000000703CD1032B0652C0F34AC75099B84440E6F2206A770652C0BEB0803C20B84440
36,-72.1179796848,41.4943651462,Montville - Card - Lisbon - Tunnel 115kV transmission line,140435434,115000,line,0102000020E610000046000000703CD1032B0652C0F34AC75099B844406EF43EE1150652C0D7689B15B2B84440A81A76CAF40552C0457C9390E6B84440F3C38933F30552C0FFDF3C9930B944406E71846DF10552C0A537075D79B94440276B00CB0C0652C0285A7F58ABB94440A0776CE7240652C08FCD5659D5B944402E93ABEE410652C0C5563DDB07BA44408BE83205600652C0D57227AC3CBA44408074C1FF790652C04204F5D869BA444071E5BBD59A0652C0320D09BEA2BA44404628B413BC0652C0B218A2D7DCBA44401C79C936D70652C02A99ED7D0BBB4440C827A4B2E30652C0D83D19A544BB4440D4527DAFF60652C06DC9CDD693BB44409F9C0FD5020752C0A13D51E1CFBB4440DAB0555A0F0752C0D134F0D503BC4440C0CF33811A0752C044A2EDC93BBC4440CF83EFEB270752C0DDECDB3878BC4440E78A8787380752C08A64DC88B4BC4440ADB73E7B470752C04B537B30EABC444052300B8A540752C00777FBBA18BD4440AB7FBD78660752C00631AE0759BD44406994CDFA7A0752C0EDD4E17699BD4440CF2FE14C890752C015DA5C3BD8BD4440690C7218970752C097A4DE7C0ABE4440AEEC05DCA90752C021D50EF04DBE4440185EDC5ABD0752C094F58C8F94BE4440EAA81C56CC0752C0CED21802CBBE4440B7C4D61FDC0752C0C8397DDF03BF44405E7397BFF50752C09D3D3F0F60BF444007D27D7F0C0852C0950C9D0BB2BF4440ADCA5045160852C0286F2621D6BF444006FB073F130852C05F40A9880AC044405678A4350C0852C069C242615BC04440C844AC100A0852C0035480C897C04440DBD13EA5070852C035DE7988B6C0444084D83BBE040852C0A18AA79BEDC0444028842EC5030852C07836160AFEC04440B8593C93020852C0779F1F3612C144406EBE450FFE0752C0983AEB0846C144402BD6698EFD0752C09FCC253261C14440DC03A51B0C0852C030910C9788C1444064F5AB8D1F0852C08128362BBDC14440C997471B2E0852C0BC0FF74BE4C1444048810B0E450852C0E123D64B23C24440C414138B530852C0189743D14BC24440EFB8A1AD5F0852C03B07CF336BC244405F858FAC6A0852C08C49733588C24440B650ADC9770852C032F037C4AAC2444030FC60F6710852C0CA5DC5A8E2C244405332A60D6E0852C0A7269E110BC3444030D81765670852C03E985A2D50C34440D8FEDC62600852C01B9C92CE98C344409594B31D5F0852C05AF7DCC5A9C344402591110C5A0852C0834B041CDAC344404D7B17CC540852C072DCBF5510C444405917607D4D0852C09EB97F2A5BC444407F16FEEF480852C0F6864EAA89C44440202EF832450852C01504F553AFC444405A13DFD03E0852C0B47884A5E3C444405DDE8BA73B0852C0CBE2E25712C54440D12A9A39360852C0F619DD1149C5444006332901310852C0AEF5A0757DC54440D5CCBC502C0852C066F91E18B0C54440E4D36698270852C09E0E3717E0C544408FEE622C240852C0DE5D8CEE02C644405B7B7F3C200852C0E22DD9252CC644406797C1361C0852C0A0BC336F4BC644408DD1A1D6190852C0E483E7186CC64440
37,-72.1260682454,41.5506781402,Montville - Card - Lisbon - Tunnel 115kV transmission line,140435433,115000,line,0102000020E6100000020000008DD1A1D6190852C0E483E7186CC644408CBB752A090852C06EB52A258DC64440
38,-72.1232951583,41.5540781908,Bean Hill - Dudley Tap 115kV transmission line,140435398,115000,line,0102000020E61000000A00000098280C22250852C0777CB4A144C6444053538146210852C04EF1A60C4FC64440A84468F8130852C0CBD9324270C644408CBB752A090852C06EB52A258DC644405045AAC5F70752C0FF4194D0B9C64440F2E88097E60752C01C3897A6E5C64440E38B34B6D50752C07ECFEBC710C744403CC1394CC80752C0C1ACE96C33C74440F41EC8FABC0752C0D33A74064FC744408ABB0E61A30752C0EF034BBE93C74440
39,-72.1369077326,41.5598127882,Fort Hill Farms - Stockhouse 115kV transmission line,140435430,115000,line,0102000020E61000001600000098280C22250852C0777CB4A144C64440870D70CD230852C0948B369562C6444077817132360852C0FA9F3A787FC64440089F04B5500852C0B753BF1BA9C64440AA0EE89E660852C07BD91687CBC644403C2C888F7A0852C054914CD8EAC64440AB6A52F28E0852C0B8FFD6DD0AC74440D0E19482A60852C09CA6C9DE2FC7444027035539C90852C09119906366C7444059DAEA39E30852C0746DCC398FC74440FD0EA6D2E90852C0E19D82CAB3C7444089E00BAAED0852C02BEC4F15C9C744406A19C3B1F50852C0C56FAD98F5C74440C9E34797010952C04A98D78937C8444045EE8682080952C06936C1E45DC84440A0ABA1960E0952C03B4739947FC844407B9C9F31150952C09D6C6731A4C8444098B743B61E0952C04FA043F1D8C844409DFFEFB4260952C04248CF4305C94440764ED8A6300952C01E282A7331C94440D2847136330952C0EB1CB73D2FC94440E4C8A4B8340952C0EF45855A2EC94440
40,-72.1165035302,41.4871269746,None,140435451,115000,line,0102000020E61000005900000018B73E7BA80652C039C2D165E7B644404620A54CA50652C0335870C50DB74440D9D74B1F9F0652C095CA9C6C46B74440C0020D8C990652C0DE6334FF7CB74440D0D4563C980652C0BB10D614B7B7444085B95901970652C097FA3ECEFAB7444051E2C3007D0652C0728F6E9625B84440E5ECAB822E0652C02292ED4FA1B8444006226A0E140652C0C05FBE3BC9B844400A2284EA060652C06D9B9D4EDBB84440DCC4005FF90552C0B9DAE9E9EFB8444018C56145F90552C0F78338AF1EB9444088FFB769F80552C01F6479E046B9444048A98D9FF60552C05F7D6A7473B94440C0234805100652C0ED73B7AF9DB9444014AD8E4B210652C0A41ED879BBB94440C12FD878350652C09DB82D4CDEB94440C76419F64D0652C0CE66789509BA444047197D51680652C0835E85E936BA444085013FF6750652C08E0DBE5F4FBA44409FB8FCB1830652C08F3D0C1367BA4440F1C67D6F940652C0AFDD927D84BA4440C9CB46CDB40652C021C9F6B3BCBA4440DAC1D90EBE0652C03329DE39CDBA444080C5C22AD00652C0EE52241CECBA444072F94DA2DD0652C002F24C2706BB4440957150B4E20652C0ADBA979417BB4440F6345ACCE70652C05E7753172FBB444012553F7FED0652C00373702C49BB44404531231CFD0652C0DB41DCE98EBB4440C8610C82050752C033C3330DB5BB444091623F95150752C045076ED5F8BB4440D81B9D141F0752C00E00966528BC4440E1472925260752C02E71F9D24DBC4440F4BF092B300752C0784E48C272BC444037A15002370752C056A09F7D8ABC4440A83F73133F0752C07563D35AAEBC4440688FD2304F0752C06EC5DF05E4BC444065C66C67560752C0E69023DAFEBC444095C5F82D670752C0083D2AC538BD4440DC30B66C780752C02E09E29F79BD4440A3664917850752C08ACC8045A7BD444054D2C0F28D0752C013CEA653C7BD444080FF24159B0752C08282BDECF7BD4440F4E1589CA90752C05A63E3EA2BBE44401C09CEBAB70752C01B7F1FEA5EBE4440D7221F6BC80752C0AF2C400C9BBE4440A2651CE7DA0752C04B31554ADEBE4440AC0392C9E40752C07C95B4FF01BF44408F3073F9F60752C02779202843BF4440E6324529FE0752C03B1CCE9F5EBF4440D93A3F52130852C03FC4A7C7A9BF4440271A474C1E0852C0D78C9877D4BF4440B971A2DE1D0852C0139DE95CE9BF444030D2AFEB170852C0370B83832FC04440522DF1A7120852C04C1ADFD298C04440D9AF22450E0852C0BE3C90A9B5C04440BB2623090A0852C05E380304EBC04440A6C768D0080852C059938FB60EC144405A4C2DC3060852C0C45854FC4AC14440F3A97759050852C04B4192F25EC1444059BE0927100852C009DE251879C1444053CCF253240852C058BCA4C1AFC14440C50C1EA02F0852C02EFC7D00CEC14440ED3393BE3D0852C07233C04AF4C144404AC763914F0852C081D2880D25C2444029495361670852C07BA17B9465C24440898E9DCF730852C043B252AD86C24440E4E4E4677F0852C0EA21E278A8C244406082881D790852C0213F3EE7F1C24440AAA2C686760852C047AA87440CC344406E609B37740852C0F96D38F724C344402B7D00E56F0852C08BBE359150C344409F0451A46C0852C0D877FAA672C34440841D6711650852C0E39719A5C1C34440E74ED94E5E0852C007A568E904C444406540F26C5C0852C0F8D65BC11FC4444064CCC18D550852C0A1BAB8E65FC44440170FBC17510852C0FD925ECD8AC44440C82FA7AF4C0852C0A3DDA23CBAC44440D1D02321480852C0F993CFB9EAC4444077C5753A430852C0C360CE491AC544406538F0133F0852C0C81C240847C54440E7B432AD3B0852C0E9AF91CD6AC54440399D303A370852C05E1387CE96C544405230B2D2330852C092A49F51BAC544407B2394492C0852C05F150C7108C64440E4038601280852C0BB83A68234C6444098280C22250852C0777CB4A144C64440
41,-72.1232951583,41.5540781908,Bean Hill - Dudley Tap 115kV transmission line,140435398,115000,line,0102000020E61000000A00000098280C22250852C0777CB4A144C6444053538146210852C04EF1A60C4FC64440A84468F8130852C0CBD9324270C644408CBB752A090852C06EB52A258DC644405045AAC5F70752C0FF4194D0B9C64440F2E88097E60752C01C3897A6E5C64440E38B34B6D50752C07ECFEBC710C744403CC1394CC80752C0C1ACE96C33C74440F41EC8FABC0752C0D33A74064FC744408ABB0E61A30752C0EF034BBE93C74440
42,-72.0735194864,41.5758401449,Bean Hill - Tunnel 115kV transmission line,140411101,115000,line,0102000020E61000003C000000192D5042990752C05C7305AA8BC744408ABB0E61A30752C0EF034BBE93C744409A8242BB990752C056689DC6ACC7444050E511988A0752C088202F38D1C744400A67F645830752C01E507749E1C74440D71FBE806A0752C036E794E10CC844402BC4C473520752C0EEE4C53D35C844401FE9D2C43B0752C0981999F45BC84440A4B49C6A0A0752C027CA1A06B0C84440BA56EEFBF40652C0D88623EED2C844408B965E05CC0652C0BF5817C917C94440C600A764B10652C079049DE044C94440228D3560930652C0ABA7985477C94440C3BE22607F0652C0F8C446DE98C94440ED2D8AE1650652C0E379BFF9C3C94440DC13BB7C4B0652C0F677692FF0C944401D02A51B2F0652C06735C5F31FCA4440F991F734110652C0370B535852CA4440A3066AE1FB0552C0928B632776CA44408BCB3130DC0552C008616C0DABCA444001CDC0ECC20552C045205182D5CA4440A90FC0B4AF0552C09945600CF6CA4440F79D73B19A0552C095C9265519CB4440E583A44C800552C0488E0AE245CB4440539623C56C0552C0E9A62EDC63CB44401CA5C68F400552C0929570A063CB4440D7DB1EFA2B0552C0A0E1F18462CB4440F221DAAF100552C00DE138B660CB44407CDC99BDE60452C03F3C3B7F5ECB4440740A9133C70452C0AABF5E0B5CCB444028C0417FAC0452C02B5459C35ACB44408A343EA7950452C04D6E053F59CB44406D7564B6770452C0583A146157CB4440EEC55B654C0452C0BC15C04054CB4440D508D6EF2B0452C0702001EF45CB4440106A4298130452C0068DB39F3ACB44401FA8F3C4D20352C09929B8C21CCB44408867BD56A80352C0A911146F19CB4440A18053C4840352C08D58212515CB44400832E6946D0352C082BA23B3E7CA4440290BE7FA600352C0D38FC387CCCA44404396663A400352C02DBA7A4687CA4440894C038F280352C030FD6DDF54CA444028E36F8F110352C0B164438323CA44405AB50AC6FF0252C095A4EB21FEC944401AD2894FEE0252C085D39BCBD9C94440632F8AE9C80252C047EA0F8589C944402307387BC30252C0004847E079C9444063F4542AC00252C0E40FBFD755C94440898E739CBE0252C09B3C4AB835C944401E88E4D7BA0252C026118093F5C844404AD6C3F2B70252C0555FD02BC0C84440F3170339B70252C0D53789E783C844400C22AFD1B20252C0291FF1AC48C844407449AC20AD0252C06F5AA8F411C844400B41F02A980252C09DC11CED8EC74440781A7483860252C0E3E7C85445C74440594FAADE7F0252C0E2EA38071EC744400BA7F6B6AB0252C062A8EBEEEEC64440C9821887BB0252C0FFFC918EF3C64440
43,-73.4127565489,41.1652235627,Norwalk - Hawthorne 115kV transmission line,140990213,115000,line,0102000020E61000003A0000004BFB1C62C75752C0898A33C833984440C0B60D37D35752C0937FEA4328984440AC4FFED2EA5752C09F5D79CC11984440607C864C055852C084658638F9974440814C5829315852C00D08BC9FD0974440E846EACB525852C0B13585AAB0974440FAF25D79725852C0937F8DC19397444077005121A15852C039102D848C974440D77DBC51CB5852C05E44BB69869744404FA1072EE85852C0E7642E7D6497444033AB2658065952C0436B82754E9744400391C0082C5952C0385A2F3932974440089A63C9525952C01E8A0CD91D974440BF8A0370705952C05FD0AE0E0F97444097DEE62BA65952C00A86BEB2F396444026273E0DD25952C06D384C2FD196444015982B75F95952C034E31A32B2964440F1F2BDB61B5A52C0791FB8359796444086963986385A52C0C9EB5AF5809644406106647A5B5A52C0C4190C2483964440EED5494E845A52C00D943E3585964440AF1F8EDFB75A52C04DE1730488964440C8D57EABDE5A52C0C5DFC01A8A96444074C2A2E3DE5A52C0FB5D7B2B62964440027D29FBDD5A52C062089A383796444011BDC1F4DD5A52C0E02BAC7A10964440D3D1F8C0DE5A52C04D0BE151E6954440C246BAA7DE5A52C024311BC3B9954440D18652A1DE5A52C028166D928C9544407469EC4CDE5A52C0FD993E0464954440B1B4F352DE5A52C0BF23A6FD369544409434C35FDE5A52C055EA6E4F0D9544404E4FD491DC5A52C08929CA40F99444405E05D709EE5A52C00F0EF320D6944440C71428A9FC5A52C0EDF1C388A594444078C269ED075B52C0413AB652809444404A44518D175B52C0229947AB4F9444407ED05A4A245B52C059B7352B299444401A8D309F2F5B52C08B42951908944440AF537BE2395B52C08C8856C7D0934440EF491408715B52C074446DAFBC934440621CE49C815B52C08A7EE41493934440542050AB8E5B52C0C5E081EF6A934440F13EB84D985B52C00054D55D3F93444015A99D7AA35B52C07D588A020C9344409914C90DAE5B52C00915067AD9924440C8217F27B25B52C06CDAFE339A9244408A4FE92EB55B52C0746A4E9A5F9244407944A45EB85B52C04B2B5362269244409E91E211AC5B52C0CDC942EBF19144403AFFAA769B5B52C04BFEA0A3C791444027695607935B52C08B9406229A9144404AA4DC4C8B5B52C03C27F6F26E9144407A2683C7835B52C0F335B61B42914440F2A89FC67D5B52C08DD9846417914440DC4E26BC785B52C0200CFDD8E4904440EFB22123765B52C0716120B1AD904440F26D6A07755B52C020CF2DF691904440
44,-73.3103274824,41.2056331245,115kV transmission line,140990215,115000,line,0102000020E61000003300000042A84031C45752C0D40779A136984440E88DFB47A85752C0DA9631FA4C9844401C778F1A8E5752C0B461275163984440C90A5DFC505752C03857398769984440FCF276B1195752C0C520D3DA83984440792A2149F95652C0F9D86948939844404658D9E4D45652C03C7A38AFA4984440CB33077DA15652C0B3F8CEB1BD984440D5887D8D725652C0E0441895D4984440B5E142DE465652C0B48C943FE9984440DF295A3F315652C019E64FADFB9844408DF30E44075652C02EB528B31E9944408539BFD7CC5552C0123EFCD850994440B2F51386B75552C06692404063994440F717C584965552C0BC89646980994440E8408D78655552C0837D6831AB994440008E16CE1A5552C032564783EC994440D22ACB88FA5452C06FC4C49F089A4440AA923988D05452C0D1511EAA2D9A44405ABB794BB35452C0E379CC74479A4440E64BEF17955452C07F7B31686C9A44405156525B715452C0DBE4DF5E989A4440D5373B3F575452C0A8192483B89A4440797BE0AC3E5452C09E876A7DD69A444083AFCE56265452C079DAA90DF29A44401BE31410015452C01E94E8001C9B444083296026DA5352C0830B15C3479B44400EAA7100BE5352C01E084C037B9B4440B49F9009A05352C016D9EB5DB19B444070CD192B875352C0B622318FDE9B44403B87A1E75B5352C0138D18810A9C44407B5C584B3D5352C0004C60AD299C4440338B9480185352C080CE6D9DF49B44406CF68FF3F15252C05F895341BD9B4440F90305E8DE5252C0E2E785FE909B4440AE5429C5CD5252C0FC95EEE2689B444093EA84BEA15252C0A1B1550A039B44408A025088715252C01846ECEC979A44409F696C5A535252C09F70BB89549A44408A26ECEB455252C0F41A644A369A44408A315514185252C0F4D635E0489A4440AC5E1147E05152C09A567C3B5F9A44402E617523B65152C02EEE199B709A4440C62C7BB1725152C00441A1248B9A4440B5C7129B515152C04303F267989A4440B7DDF159EF5052C091FAE158C09A4440A3A5E781AD5052C0DE4862E1EC9A444049C06270515052C010D796DC279B444083A29551235052C037DEC3D4459B4440A107596A165052C08D362F104D9B4440276C09301A5052C0B7A9030D539B4440
45,-73.4123365702,41.3171996162,115kV transmission line,10163604,115000,line,0102000020E610000046000000DD5887B6F55852C08FA9A78BF2AE44403476C6C0095952C0A71CE1E6CAAE44401900ECA1245952C070239EC19AAE4440B41AB9BB2C5952C0F3BA6BDB8BAE4440C73B2A383A5952C0DCCE0E2464AE4440CB1C03BB475952C0307421BA3AAE44400BC000D65A5952C07A0F086B01AE444018CB1E5C6B5952C0F4C30575D0AD444077F728217C5952C03BF3427E9DAD4440D0946EE28C5952C0B80294A26BAD44408356A2339E5952C01ED5BBA437AD4440ABD80788B75952C07686DD7AECAC4440C0F67EE3CC5952C040266C59ACAC4440F8A6EB0DD75952C0722FA3DF62AC44405264F9B3E35952C0F7FD1C8205AC4440AB6FA79AE85952C032A85A68E2AB4440C6E6EE68F15952C092C7525EA2AB4440271CE252F95952C0D393101968AB444087062F1D015A52C0BEB71C8731AB4440B3C1A96D0B5A52C01C2C3610E8AA4440EC7AF24E135A52C062789857ACAA44405F521080195A52C07E5A0C1382AA444024F4AA66235A52C0FAE8036238AA44400BD312A0295A52C0CF952FD907AA4440E9401DD1345A52C0FD728485B9A944402B3B97E33D5A52C098B854B373A944406312542E445A52C020FEF5D845A94440959ACFD0485A52C02143529622A9444020AA71F6465A52C00053621D01A94440AFB4DF5B425A52C07428CA54BCA84440326C6422415A52C0CA281C9E98A84440857DF9DC3C5A52C06C4A68315BA84440DBB672B1445A52C0D83C5A9531A844409CA205E24B5A52C050592D890DA84440F8118D23535A52C03C3F3D57E7A74440B646658A635A52C0AA4F2DBB8CA7444096E49B92685A52C032F22FE75EA744401C6907CF6E5A52C051C170082BA74440B094D112765A52C0A7DE24BCEDA64440D7907564795A52C0E70A9C50D2A64440F86662CD815A52C0A9285ADF8BA64440AF88EECC865A52C0B20170D157A64440DB81A56B8B5A52C01E51D08A31A644403CC936E79B5A52C0A0F9CAF521A64440DF433027BA5A52C0993ACDC307A644405F9FDDEBD35A52C0AD6DFF26F0A54440301A30E2E95A52C0A609A737DCA544406C343E21095B52C07F954EFFC0A54440704770AC215B52C00331584AABA544401CF109FA315B52C030DDD01D9CA54440DFBE352F345B52C0C9D024A073A5444010A5A896355B52C059C16D3E4DA5444009ADC909375B52C0AE1D2D7E2BA544409051FD2A395B52C09D83BC91F7A44440D3BB26703A5B52C0F9D23F8CD2A444405DAB00B13C5B52C035B9A3439CA444409F5359D63E5B52C0791A1F7666A44440F8EC1DEB405B52C038F504FD34A444404BE90D85425B52C0F677023D0DA4444095121B37445B52C01A25C4FBE2A3444014C83E144C5B52C06545AA38C9A344409601F7C2585B52C065C83E9FA0A3444054D4494A645B52C0F52765BB79A34440B4D7C94F6E5B52C05D2B6F3259A344403E92368B7A5B52C0A4D75D6430A34440045FAFAC885B52C043243B9B03A34440B42A655A925B52C07C2EBBEAE2A244401F5A7EDE9C5B52C0CFCC4EF3BFA24440DDF3E2B3A35B52C03E26CC19AAA24440D785B384865B52C0007D62CE53A24440
46,-73.3450535752,41.6002451054,115kV transmission line,140291632,115000,line,0102000020E610000058000000EFCF8238BD5B52C0B94E54F991CA44409ADD2169AD5B52C08E1D3829D0CA4440ACB4C6239B5B52C0C91B4443F4CA44409A5CAE028D5B52C08A32450811CB4440CA0C2DD9815B52C0D365746242CB444009D84704785B52C0A01CDB0076CB44404C4DCD03525B52C0427D291099CB44403069EAFF3B5B52C0FDB87B85AECB444046246FCC285B52C07A3CA564D1CB444084A93174145B52C0235DBFB8F9CB444067C855FFEF5A52C055CC62B640CC44405E0BF295CA5A52C0A215364589CC4440D7596E7FB55A52C063A5D3C0B2CC444013867A90A05A52C0F822FCA4D9CC4440FBF820F2795A52C0AED87B8C26CD4440FA673C2B625A52C0CB300A7B55CD44401D9F4E32455A52C002B6E7BC8CCD444081EC07A82B5A52C08D0CF52ABECD4440E784673D125A52C0B2A5B698EFCD444009C53B1F005A52C0578327F812CE4440979474C5F25952C0EA4BE83F30CE4440368D66A5E05952C0FCC19F9329CE4440F3089D75B95952C087E4CF6718CE444072A5E0E9885952C0C05D8F2006CE4440264E41405B5952C0E62A5FA2F7CD44402A163A5A305952C05E6BFC9FE4CD4440A6CB962D0F5952C0C8FCB5B2D8CD444093108C7DD85852C0F79C4444C4CD44409933823BB25852C024528C88B5CD444041409AE08B5852C0D4764653A8CD444079BBECD7695852C082CF95119BCD4440700EED60425852C0D9B98A0C8CCD4440816DE08F1A5852C07BD173457DCD444084A56E00F55752C0A4712B406FCD44401D0493F4D35752C0DB933EF162CD44404BB150A0A75752C0AEB5325052CD4440B9CE45AF5F5752C0BCF23F0838CD444083263B1E365752C06A83B70429CD44403CAE2DEA115752C0E62B77621BCD4440A47D4E00EC5652C03518B9670DCD444033239037B45652C0649E584CF8CC4440D4BB50B39A5652C030A8D613EFCC444067DB8A837C5652C0BBABA419E4CC4440E4E19B943E5652C074D56C93CCCC4440A2C8268D205652C09AD99E98C1CC4440902E5EDF025652C08250E03CB6CC44409BC28A5BEB5552C08361CF96ADCC4440BDA76E07CE5552C0BA4399B4A3CC4440380EB17C975552C063FE0D44A2CC4440B05117107A5552C004261AB2A1CC4440D9362F74425552C0D406EB07A1CC444084D73FDD1E5552C0886D328EA0CC4440A4227079E55452C0554803E49FCC44402BC7F66CB15452C0F9D998219FCC4440C1DCAEE09A5452C00D713AE09ECC44403A4EFA3D735452C03E14B2449ECC4440A5DA9DD7565452C0EC39AACC9DCC4440042C11F0225452C09DF939209DCC4440F176C18B055452C0451B520F9DCC44409FBAB48DC55352C0201432959BCC4440F21569DCAA5352C02B0F122E9BCC444051B7B6D4795352C08CA089929ACC44404F5D86205C5352C05A9509099ACC4440A923C34F305352C01268719099CC444071A2FB70095352C05A5491E498CC44402C954FD3E75252C03E08419F98CC4440C2D8EC10C75252C0245CC92798CC4440E448E05BB55252C0976BD1B299CC4440EB6F6434975252C08788F77293CC4440A08CE8FB765252C041BDEC678ECC444001F487C0535252C0B5EA78C288CC4440C68A6C91185252C03F3ED0F27ECC444026F20B56F55152C0726FABA57ACC4440006E6C62D15152C038650D4284CC44408B76D91E995152C004D0B40895CC4440602A94E3695152C0F1F30E929DCC444055895DD63E5152C06EF246B4A5CC4440DDFABDD1185152C0D5E95CC2ACCC44409FE6BDB0DC5052C0BE0BAF1EB8CC444040035962985052C02F730A7EC5CC4440F9A752E84E5052C059F77785D2CC444084C571330A5052C0D91DAE9EDDCC444076598E4FE24F52C05A887B84E2CC44404EC90B16CF4F52C065FBA49BE5CC44404936D3D3B94F52C082E07514E8CC4440B03D5B10824F52C0F190B10DF2CC4440488038CC734F52C092D3A68CF1CC4440477522766B4F52C012253097F2CC4440
47,-73.4335123227,41.566657541,115kV transmission line,140291643,115000,line,0102000020E61000001B0000002289EA33A95B52C0A0E5D2F58DC64440B63D8A77B15B52C010E4FC57BDC64440B4E112B68F5B52C0B2D83244D6C644404D4037AA6E5B52C0B14840ABEEC6444007F47460725B52C0F522A5A116C74440458146CF745B52C06FA750CD30C74440ADEA0019785B52C09408C43054C7444054431F1F7C5B52C0C4E0107E7FC7444025A1BD2D815B52C095E8FEE4B5C74440F4DC4C4A865B52C0D74C7FE5ECC744403BC482258C5B52C098C47AEE2BC84440733B019E915B52C0A4CB9CC666C84440A53AA740955B52C063F2DEDF8DC8444013742307B45B52C00ACCAAA8ABC84440E10241C0E35B52C0FE7798D5D9C8444016AE4572055C52C09E5EBF6FFAC844409CE3437E2C5C52C07DE4BD3720C944405C32297E1F5C52C090C565DD4BC9444084217DDA0F5C52C0A5EAFE6080C94440775FB1F8015C52C03E307BFDAEC94440F128E6FCF35B52C01796A4F1DDC94440CF80D1EFE75B52C053E9BF6706CA4440A3DC42CDDB5B52C0E43C3F252FCA44401B462C91D35B52C02C9075CB4ACA4440250EF922CB5B52C04095FD1867CA4440BF848362C55B52C0F860695286CA4440D8D7819FC35B52C0917F2CA092CA4440
48,-73.4316891054,41.5495279792,Long Mountain - Plumtree 345kV transmission line,140295772,345000;115000,line,0102000020E6100000030000002289EA33A95B52C0A0E5D2F58DC644401FFC8619A05B52C0835E493052C64440122C9E52985B52C094F3F7EC1FC64440
49,-73.4283595405,41.5451046309,Long Mountain - Plumtree 345kV transmission line,140295780,115000,line,0102000020E610000006000000122C9E52985B52C094F3F7EC1FC64440E9F4B7D3925B52C03A601380F7C544403EA29A7D785B52C00F62C3C2E2C544409A3C465E545B52C04998FF4FC6C544400C5059D0505B52C07D4395EF9CC544409C4CB7BE4B5B52C0E4FB16665DC54440
50,-73.4070932808,41.4653105212,Long Mountain - Plumtree 345kV transmission line,140295787,345000;115000,line,0102000020E61000004C0000009C4CB7BE4B5B52C0E4FB16665DC544406F3F0E13415B52C0F807FFAFE0C44440A760EAF1305B52C0719A5FB67FC4444089B5E831265B52C0A4AC70863EC44440E87524B1105B52C0708DD2A20EC44440196DC8FAF65A52C02CE9B4F8D6C34440025492CDDD5A52C01F528DD29DC344400814432AC55A52C0ED16575F69C3444073328B0CAE5A52C04813396536C344405F3623A3985A52C090A7F4710AC344404628F65D8E5A52C0B48E1A04C3C2444092B8E3F9835A52C0502B36557EC24440C75765A6795A52C0C6A2C4423BC244408C33BB2E6F5A52C079DB2FF7F6C14440F0F6DE22675A52C0F4F0DBFDBEC14440D96AFFA15D5A52C05568E6FB81C1444046946A48485A52C02AC6A2A602C144408A6320FC3F5A52C02F18B778CCC04440679274C1335A52C05BC0A96577C0444099468E202A5A52C0FF9BEB0836C0444023BC2964425A52C0FA337CBA21C044407F11B17A605A52C0212AC6C205C04440A98FA290645A52C0320A48C2D0BF444014EE6DCE4B5A52C03E3F09884EBF444062C9018A415A52C00A8EDC2C02BF4440DD7B4A60355A52C0CAD38BB9B6BE4440308717611E5A52C02A33E38330BE444022FE3931155A52C06FDDC2A6F9BD4440A6B38458095A52C0081DE494B9BD4440805B304F0D5A52C08F1B8B9C86BD4440D5ECCBC0055A52C020A5A5AC29BD4440EA5EFEE8EF5952C0B4D0C519FBBC4440F97C945EE95952C02E04CBB0C8BC44401C0802F2DD5952C031642C3871BC444070F00CEDD25952C05227DB6735BC444008D3ABD6C35952C0DF9F2801EDBB44400E3E2749B95952C04C7688F1B4BB4440BE42CBA8C75952C0893273AB84BB444082023A39935952C09850E80604BB444012A9E81F7F5952C01BDE3EB39FBA444034DB9F1C735952C04B85CA6162BA4440784C5E0B6E5952C0F64B21B648BA444096FA73C8635952C033C843BF09BA4440483FA8F1695952C0BEF6345ACBB94440ABAD96FB6F5952C00F5994468DB94440DE8EC834755952C04C3529D041B94440AB1BF2B26A5952C0C5173E0304B9444034155BBE5E5952C0B2C8DFB0BDB84440AF123D46595952C0A31C74859DB844402DDAFEB4695952C005C526E873B84440F4BD6304765952C09A85B06455B84440745EE2C0835952C0DFEFC9EC32B8444026420B28A25952C06B6ABAED0FB84440C48D8BA4BA5952C014ECDABCDEB74440E9B7FAE3C05952C0774690EB99B744401D522186C75952C0495ECC6855B74440ECDB50E3C45952C09E51964727B74440D0A47F02C15952C0BCF5D42CF0B6444085C90523BE5952C013DBD9C1BCB644405AF9E5B1B95952C06752292F69B644407B8446D7B45952C0AA8A20301AB64440118D5B83C15952C07723DC63C6B54440CC5CD303B95952C048ADD36C7DB5444022391595B15952C00963803B3AB5444014F742FCA65952C06B20E3C6EDB444402BBDDD1E9C5952C03DFF0D8795B44440979113DB945952C0BAE5720558B44440B63B5519B25952C0B381CD6C40B4444031211E43045A52C0D6BCF92906B44440E247D194125A52C08875F23796B34440377627A5185A52C07A5244B04AB34440C3650E54145A52C0F5334A18A4B244407601BF74105A52C0DDB8831A4BB244407A5CC9860E5A52C033CC884015B244405A62A0FAF45952C0A065AFF413B24440286B4F83D85952C0CFE8621014B24440
51,-73.4030448466,41.3913214447,115kV transmission line,287508785,115000,line,0102000020E610000002000000286B4F83D85952C0CFE8621014B244401214EA75BE5952C0E31D049419B24440
52,-72.7064541692,41.588956682,Dooley - Westside 115kV transmission line,140386355,115000,line,0102000020E610000057000000F039AD693C2E52C0749DB699DAD04440629291D32C2E52C0DA26D76EBFD044402113D0DB2A2E52C080F75D84A5D0444035704307282E52C0875FC09D83D044402FDBB649152E52C0865A44374AD04440EF3FBB871F2E52C0F367A59827D0444044B9AA492C2E52C08F8E7F76FCCF44409D2B1F3E322E52C0C135C453E8CF4440D2F0231B3D2E52C02248C69AC3CF444094E051D4452E52C0C966CF1DA6CF444027A5489C522E52C0161AD5E77ACF4440B398B0F75C2E52C09AE7F0E257CF44407DF7E73D632E52C0CAE98BD737CF44401DB86589692E52C09D20DCAF17CF44401CE1EF48702E52C04D836337F5CE4440EBC50FDC782E52C01B41106AC9CE44409E931905802E52C0C3E05BD8A4CE4440AAE849B1802E52C08AA1089369CE4440BCA3A733812E52C0B622B3D23CCE44404E84D8C5812E52C0E085A7800ACE444082C5553F812E52C09FCB7780E1CD444085D954BA802E52C032A8310FB9CD4440970BDD3C802E52C0152120D592CD444081E3C9A87F2E52C0E4681BBF65CD44404AF7673D7F2E52C03CAAD0EE44CD44404BC0C0987E2E52C06D6644C312CD4440AA9FF70C7E2E52C0E1B4612EE8CC4440A2B77C727D2E52C0FCF4A928B9CC444062F1AFE37C2E52C0B26983868DCC44404F14436F7C2E52C0FCCC831D6ACC4440FA7E19E37B2E52C068E7EC7B3FCC4440E79A24337B2E52C08C4BB9CE09CC4440DF909AA67A2E52C0F25FB7F3DECB444089FB701A7A2E52C09603CB35B4CB444000F5AAAB792E52C035E5CF9392CB44402A3AAE0F792E52C07B8177EF62CB4440B1958F8C782E52C042D396043BCB444093BCA802782E52C066D081E210CB4440A131AE016E2E52C04B11D003F7CA444014CC5CD4602E52C0B4F713EED4CA4440948494AE532E52C086EF5DEBB2CA444021D27F90452E52C0EACF10678ECA444030B727543A2E52C089B0335771CA44405BDA35A22C2E52C0788132EA4DCA44406A06F66A192E52C0F63B7D351CCA4440A09CA8CE0A2E52C01DB69269F6C94440A9D0890AF92D52C0337CC973C8C944401575A05DF12D52C0E5B9B898B4C944408432F759E52D52C08A3D478495C94440BC910F87CF2D52C0BC01950E5DC94440554D5E50C42D52C0B6C42C0B40C944408314C954B72D52C0481B3E084CC944401A9EB1A7A72D52C0F8085DB258C94440791361E3842D52C06912F9F75DC94440B09CD0BF5C2D52C0DCCD990D64C944403D0D8B153C2D52C07F2A060269C94440E0AE2748202D52C0EDF306396DC944403008881B082D52C0BF17A8E370C94440CCBEA224FA2C52C0630CB09E85C944403BAADEEAE32C52C02E65329EA6C944401316CE96C82C52C09A377F69AAC94440CD61CB21AE2C52C095093A15AEC94440BFFDF6049D2C52C0093FC9EBA9C9444091C1FBDF782C52C0ECB8F321A1C94440029411D9592C52C0766F0D9699C94440C524CEAF482C52C0F2BD586A95C94440F11F1F2E1B2C52C00081CD459CC944400C1D883FFD2B52C0190CE2C8A0C9444024EF05A8E12B52C0A8B3C3F1A4C94440FA21FA33C82B52C011AFC6C7A8C9444054BC98A6AA2B52C0C253313CADC9444096CA4A2A8A2B52C06051EA21B2C944401908F133622B52C06D6FB227B8C944406954F4A33D2B52C070F2B0AABDC944406EDDE37F312B52C0AAFB58B09CC944406A1CD3E11F2B52C003F37FD76CC9444078D9B067FB2A52C0507FB28372C944407D7752D2E22A52C03C337A5776C944407BBB9C3EC02A52C07A9C20B87BC94440A2184C52AB2A52C03541A3773CC9444043720390B02A52C077B0693D09C94440F74F71ABB52A52C0E809FA83D6C84440C610551BAD2A52C0709F5106B9C844407AB76E647B2A52C04E30181C91C84440771312AE7A2A52C0A327F6CE56C8444082AF4DF1792A52C0D639DD351CC84440D802BA82712A52C0B687DC8419C84440
53,-72.7467897849,41.6700963051,None,76438627,115000,line,0102000020E610000050000000DB3095CA502E52C042B2DB46E0D04440E37CDC515A2E52C007259D3BDED04440A66E44AA6D2E52C0A879B2FDD9D044401487380AA32E52C053DA4649CED044407DD846A4BA2E52C002FB191DC9D04440A062E747C82E52C0C340181FC6D044406AC59F3ADD2E52C08137BCF9DBD0444075208B32F72E52C09BEA3C10F7D04440DEFA6ECC0F2F52C01F803FBA10D14440D7D6F1821F2F52C0A50BEE4A15D14440ECE404EC362F52C03055B6161CD14440883E95DF4F2F52C06F92625523D1444089747C02632F52C017F810E428D14440A13957A36A2F52C0C1D8BF1340D144404E6A7FE3772F52C01C59EC5668D144405FE2527B882F52C0706CF1C49AD144408AC4107E952F52C062BCD34DC2D144409534AE04A32F52C04928EE66EBD14440DDBF3328B02F52C0CBBE5B5513D2444063CD67F6BD2F52C031216E473DD24440325B1800CA2F52C06E22B0DA61D24440545862F7C72F52C010ED669D8AD244404EB06AB8C52F52C0999887A1B7D2444038C8DA7FC32F52C0B0920625E4D2444098102C7DC12F52C0130DD9700CD34440616BD5A8BF2F52C05ABAC41531D34440A6707FEDC32F52C04CC72C715AD344402F8014A5C82F52C03E93872588D34440BAB1B84ECD2F52C0914A7156B5D344409A5F5349D02F52C056D15A30D2D3444034B30E15DD2F52C06F3FC764F2D34440DD9D7E911C3052C08137AC2892D444401924AEE82B3052C0ED1F08C2B8D44440BE0107662F3052C0DA4F7401E5D44440C8AD992D333052C054C1371A10D5444095A517D4313052C0DEDDD89F36D54440D2372A71303052C0590D399961D544407F6DA04D333052C082A651BF7ED544407CFBA90D373052C05BF211B7A8D54440EC83A0722E3052C0AC2C764DD4D5444045490344223052C03665B6E30FD644403C36AA6E1D3052C05A95553C27D64440D7456EA0163052C0F3EBF3A34DD644408CBADB0E103052C0386CE0B974D64440BD25965B0A3052C0419334649CD6444045712054053052C022A67606C4D644400724D240013052C06B57C214EED6444088D03343FE2F52C0FB41F65812D7444069E5A1B9FB2F52C0BA83A9573CD74440D79DAA19FA2F52C0057EA5756ED74440E339E65CF92F52C0C12D70F199D744400CD89F57F92F52C080CBABF3C8D744406F54AB46F92F52C06D4C59E2F4D744403BBA7736F92F52C0797148E221D844406F54AB46F92F52C0802FD08F4ED844403BBA7736F92F52C03BC06B6479D844401D3A4743F92F52C09E74CF1BADD844401D3A4743F92F52C0E07870B9DBD8444067DA7EF5F92F52C02656688A01D9444004A90CB8003052C04F6EA36230D944403C0758F5033052C05E991A6948D9444036FAD3470B3052C0208A2B8F7FD94440F3B1AC86103052C0F2AD8484A6D9444072E7D61A153052C072C7C351C8D94440330C656B1A3052C047409F0FF0D944409D79BA3D1F3052C0226038C313DA444095BB89E4123052C0CD9909862DDA4440FB079046053052C0E0238DF64ADA4440EB330CF7FB2F52C095286EAD62DA444008E0DAA6ED2F52C0E75F191F8CDA44401C021913E22F52C046C2D1F6A8DA4440DE62A912D72F52C0FD9768F9BFDA4440479A17C2C82F52C09773F2D0DCDA4440C48D6A7FD12F52C07F9A5A78FEDA44406BE67B17DC2F52C02AEC5FB928DB4440574BCC9DE42F52C0306A07EC49DB44407A859261EF2F52C0C73CC6AE71DB4440F3FBCB1AFA2F52C06A07F4029BDB4440648302FE033052C0C2F491AFBFDB44408792EA860A3052C0DE54EBEDD9DB4440
54,-72.7438699944,41.6466261513,None,140979490,115000,line,0102000020E6100000250000009D2806003C3052C0C14BA6CEBAD5444026561C8F383052C090C3FC7CB5D5444013C201BF3A3052C0DFF32A3EA9D54440481A6B66383052C04229CE868ED54440B9CD3F06343052C09A4E379061D544409770B73C353052C04815B32C3CD544404A4CDE4A363052C0B7E2605B0FD54440EDB506E9323052C05A177E4AE4D44440508981612F3052C02A520803B7D44440ABD7C6A01D3052C02BE5265F8AD44440140DEE420B3052C08AE57E315CD4444057413065F92F52C0422E2F462FD4444024BCBB51E62F52C0E95FD84EFFD344403CC96E79D32F52C0F529DEEBCFD34440F4D1D4ABCF2F52C08AEB3CDDAAD344404B07CDD3C82F52C04221423468D3444001DC7814C32F52C0F5373A3630D34440A75993BFC52F52C022663F05FED244401CD3C699C82F52C00C28C667C8D24440E11BB857CB2F52C0A4F627DA94D244406E865721CE2F52C09C73C76D60D2444097458C14BE2F52C017CBB2DB2FD24440E59EDF79AC2F52C0318F2C94FAD144408E03E1C59F2F52C0168E0424D4D14440BBF823268F2F52C0EC57A2D3A1D144402365F26C7D2F52C0BDE8A4316CD144404DB6D8166C2F52C09740AEB837D144400E5057C8652F52C0EBD73EA224D14440B0EFACED452F52C04180B0401BD14440615FF847272F52C0FF4D5D3A12D1444046748D08112F52C0B1A4A7AD0BD1444009CF62BCEC2E52C015E38463E6D044404D78A2ADC82E52C0C7424C58C1D04440AE763457A02E52C04584A909CAD044408777DC48752E52C073D16651D3D044403DF6E5EF592E52C028D34F36D9D044407CF8A7BF502E52C0CAE053D0DCD04440
55,-72.695397627,41.6406956246,None,17170422,115000,line,0102000020E61000001F0000007533FC983D2E52C08B4599AFE2D04440034739473D2E52C0F9558810F6D044409D7E0D1B202E52C03D1B0E2EE2D04440A2AAD221FE2D52C0B4CEF0A7E7D04440F910B7A2DE2D52C004E25D17F0D04440EB35B885CE2D52C0CBF4DBC812D1444059D89439BC2D52C034B76F223ED1444097DD5D98A42D52C0E1A209BD76D144405855DAC5972D52C09386D46295D1444044D731067B2D52C0B1E3C7789ED144403F6E5073532D52C012060EDCAAD144400CECE2EE312D52C051179D2FB5D14440E2D7CBE3192D52C010210BB0BCD144408AABF5D6EE2C52C04FC80BF9C9D14440A316AD31D22C52C03589BFD7D2D144403906E274A62C52C061EB7758E0D144403A51CEF8762C52C0E4290438EFD1444097D1861C632C52C020DB6D61F5D14440723E5D94212C52C0BBBD159209D24440ACE6D4D3072C52C08236989911D24440D0B4D9BFE52B52C0024C1E3E1CD2444080265FB9D12B52C05970F33E22D2444006E34BF8B82B52C016A4246243D2444042DDF1929F2B52C05DEC553465D244400863B2EF782B52C0838B856298D2444043FBD2AA5A2B52C0EED2B674C0D244406ED895E33B2B52C00382A126E9D2444053FB47891F2B52C03C03F6BE0ED3444054F3529EFB2A52C01895D74D3ED34440A4B13272E02A52C0CB5945DE62D344401C2E87B7C72A52C0F851C93383D34440
56,-72.6596623072,41.7013343538,None,140953510,115000,line,0102000020E6100000490000001C2E87B7C72A52C0F851C93383D344401B9FE9FDB32A52C051E3F2559DD344402ECBC3A2932A52C0B7C25F3AC8D344409DE61ED27D2A52C00034360BE5D34440097BD132782A52C096CF55C70CD4444001A8FBB8712A52C0FAA44B863CD444402EAFDCAA692A52C00DF2337F78D44440C8F54781632A52C03239FF71A5D4444078BD7C825E2A52C0D9A55C3BD9D444409FAE0A7E592A52C0BDFAE5C60BD5444065A5DA4E552A52C0DAF3D74A36D544408D1F3E4A512A52C087A461315FD54440CB9195704D2A52C08505E35986D54440F86A9E06492A52C0462AABBBB2D5444088C73AC7442A52C0A7506A9BE0D54440B8699CB83F2A52C0E162A72C13D64440D4817F12282A52C0C182D9804BD64440009CCB850F2A52C078CB4CEC83D6444034B88550E72952C02C67E8F3A4D644408878D37BBC2952C0AF1B3837C8D64440D6868D2FA42952C0609B1278DDD6444054F351FAAF2952C0455BE4510ED74440B7F6EBDBAC2952C06F5DE3464DD744400E5D7D8AC32952C001F9A56C7FD744405DBED248CF2952C056009618C5D7444032393F1BD82952C093DE50E5F7D74440551815A9D72952C0ED713B891ED8444039613D11D72952C0A92048E851D844401EFC93D4D62952C0A863AEDB78D844403F370DACD52952C0AA2D6A84ABD84440C666506CE32952C0A5E65822E7D8444058C473B8F52952C00C709A3221D94440F0EE8AE8082A52C0C4DFA6245ED944408CEF71B31A2A52C09945FE0197D944407B51C8182B2A52C03ACE7F58CBD944409F341F53392A52C09CE9D2CEF8D94440EC4ADB5F3E2A52C04891EBF71FDA44407BF74492432A52C058626E8D46DA44408E3DCC8F422A52C085FD75DD70DA4440BDE8FCC9412A52C0643361A696DA44405B0EFA15452A52C0ACD964E5C8DA4440F1B6C381572A52C041361A64FEDA4440DD9D545E672A52C0E1D0EC532CDB44405F47AFD1722A52C07EAB83B465DB4440986036857B2A52C05ED2FD6189DB444050CD5B36872A52C06CBD8890B8DB4440C4B4DD598B2A52C0BEDE8BD3E8DB4440CF89074F8F2A52C038B3CFD81ADC44400B655F22972A52C0559A26593DDC44407A5115069E2A52C0FFC92D4A5CDC4440387BD716A62A52C02EE3442580DC44402EB30A85AE2A52C0AD3365CDA5DC4440B5E00638B82A52C0E1C59A60D0DC44404D0AB1B8A72A52C04E860357ECDC4440EB79CD98942A52C065CD338A0CDD44400BB4CC52762A52C0F21781D03FDD4440783B3C2C572A52C07C046A5A74DD444056A14404452A52C05DD6D72693DD4440130FFEAE602A52C03B17CB70B9DD44405B1FCBB7662A52C00D67EE0ACBDD4440233AF187662A52C073D2F862F3DD4440DCE45FF5652A52C06A2ADF9C20DE4440A334E65C622A52C00C02B18D4FDE4440B8284C6D5A2A52C0651DE5A48ADE4440585732DE542A52C0AA5E7230B2DE44400B2843964D2A52C0003F0346E5DE444037E9D872342A52C0315ED91214DF44408E1181A51A2A52C095D1771744DF44407E55B673F62952C017444BFE65DF4440A98260FAD32952C0A0B6967685DF4440BA060A6ADA2952C0DC9C2D3BBDDF44403C93B0F5D42952C06511B28EE7DF4440050E2206CF2952C07D0DF329F3DF4440
57,-73.06109329,41.6118344407,115kV transmission line,287508795,115000,line,0102000020E610000003000000E896571DEF4352C060EE322D4ECE444039AD2D06E74352C02069A4F951CE4440B77E8BADE24352C047CDE23351CE4440
58,-73.063945629,41.6014020848,115kV transmission line,140175164,115000,line,0102000020E610000010000000016AA9FE5C4452C0859138E0AECB4440445B61365B4452C0DA343AAFB2CB444094685B68554452C0E59077CDBCCB444027B5AD12464452C04223281CE0CB4440555A1693324452C0C211FC730DCC44408DCBCC51254452C0E381730D2CCC44407951A53E174452C094A9A1C26ACC44403CDAFF7B254452C0986BDC25DBCC4440F10214B72A4452C09DF09A08FCCC4440FA2EA0C7314452C02A970FB227CD44409B091E3E214452C09E50569A4ACD444080CECBB00E4452C02D5FD7C96ECD444029CB8CD1E34352C0A5D901F8C4CD4440362BE041E64352C0C3EACD39E5CD4440019A7B7AEA4352C0C6B0F4E71FCE4440E896571DEF4352C060EE322D4ECE4440
59,-73.1492415999,41.6136616627,115kV transmission line,140304011,115000,line,0102000020E610000058000000477522766B4F52C012253097F2CC4440474F9F45564F52C08F260A03F5CC44405233B30F3B4F52C07F5C5104FECC4440F95A388F214F52C0B49F80E704CD4440B51B33E9F44E52C0D5B7EEA210CD4440CCFD07D6DD4E52C03C72B63E16CD444039AE016FC54E52C081A6E8331DCD44402B2D796AA34E52C02B9B411125CD4440CBE173B07D4E52C09B66A6C726CD444075C748A3544E52C0621C6B8427CD44400B39BE3C304E52C0FAA3A75228CD444086E9CC73194E52C0D7315AC328CD44406D5EAD74FD4D52C03947376F29CD44408AFF65CEE64D52C03B5182AB29CD44409DC539E7B24D52C0ECA781C72ACD4440919A60EA9F4D52C0F0E19F2E2BCD44401B854CCF6F4D52C05D8868F42BCD4440107540ED2C4D52C0FC29E8863FCD44400F1E2436FA4C52C0E584AA9C56CD4440A1ECFC9AC24C52C01609CAF26FCD4440A518C2A1A04C52C0040614457FCD4440AA4487A87E4C52C05A44EF188FCD44403BBAA976464C52C0D76E899CA5CD4440061F09B7224C52C08FD64002B6CD4440F07E5105064C52C0E7701E0CC3CD444094ACD734D64B52C00E9E3FC9D8CD4440EEA46D6CB54B52C01D9758ACE7CD44404F13A2DA8B4B52C02F8F247DFACD444047557EEF784B52C0D3B1930E03CE44408B22FA03664B52C016075FC20BCE4440B8588041414B52C01367867D1CCE4440DB569728264B52C0CF88EBC928CE444042662E2C054B52C0FBA3ADCE37CE4440EA79DB7AD84A52C0B21EEB224CCE4440DA4198ACBF4A52C061C21A7E57CE44406C11EB2EA54A52C09AF21C8563CE4440A2C3E4CA834A52C030D83A9B72CE44407864340E654A52C0490445A680CE4440A77E8DEF454A52C0892895F68ECE4440DB08B0DF114A52C08E068834A6CE444031369940F44952C06689FD43B4CE444055496F24C64952C0B81079DFC8CE444096900F5AAA4952C05A013085D5CE4440195537E8854952C093EC82F9E5CE444022EEA4926A4952C008F59A6DF2CE44402B90EEF34C4952C0818F630D00CF4440BE71EC75344952C083B21E090BCF4440DAFEBF30114952C07299126B1CCF44404C38A9A5EC4852C0363167632ECF44401DFFB40FBA4852C01D0455BA47CF444032DBC142904852C02B07D7615CCF4440EE59F233614852C0CD19F4C473CF44407813E551504852C05E023A1E7CCF444095A994C32A4852C09F2154DE8ECF44402BB2FC41014852C0AAEE8553A3CF4440B8E9C8E5DB4752C00E779406B6CF4440767AB144A84752C08FFC7076CFCF444026C8FA1A834752C0B133711CE2CF44408FE2B4E2634752C0075FDC8AF1CF4440A3AC09A83E4752C045B02B0C04D04440ED0FDF69254752C06DEC0D9810D04440474F8038034752C03213319521D044400E744241EE4652C0A78F44FB2BD04440BDB8AF60CB4652C03C1EA84F3DD04440D945831BA84652C098F4BED24CD0444069C96FFC9F4652C03B402FF646D04440628E59577B4652C0505E94301CD04440A32962876A4652C06A028A8B08D0444048366050514652C040A302E4EACF4440A2A9AEA2374652C026CC4C5FCDCF444078AC83C51D4652C0DA942168AFCF44406689D8A9054652C0A838679493CF4440D2C06035EA4552C057FB562174CF4440D6B32A1CCA4552C034D710E04ECF4440D95D95F0AD4552C09E73F0512ECF4440B41D0773904552C0D456602C0CCF4440F1B22D0D7A4552C0FA09B9C703CF4440534364FF564552C0DCA1F701F7CE44404BF6AFC8294552C0614AB880E6CE4440A7BE3305024552C00A602AD4D7CE4440EEB9A151DE4452C0F62154B5CACE4440D2619BDCBA4452C063237CC7BDCE4440A0CA88379F4452C0CE163794B3CE4440E53345CD7C4452C02AAA8FE6A6CE44407A27FBBC5F4452C0CCE530369CCE4440FFADF36A3A4452C0351921768ECE44401D293602084452C0FD1E301081CE44406DEEAA7FE64352C083B5944857CE4440
60,-73.0948281567,41.6571527579,115kV transmission line,140304012,115000,line,0102000020E610000058000000B108FAE4E44352C07CD3486A62CE44406CB6297D054452C010757EE386CE444041AB817A2E4452C07DC2F7C795CE444045E50326434452C0E589D04A9DCE4440E0526C4A6F4452C0B3293554ADCE44405EA9BE049A4452C0FB92DDDABCCE44406AF9A014A54452C0FA4808DFC0CE4440ED06C874B94452C061083C46C8CE4440AE33581EDC4452C0E310FEDED4CE44401178E20AFB4452C0BB15711AE0CE444001F5B2B8114552C097564258E8CE4440C26FE3A22C4552C0CC294C1FF2CE4440A55DC802574552C096AA268501CF44401505ADEE694552C09154F66308CF444006C681A48D4552C0AF3B155E15CF444013582E1D9B4552C0F69B6EEC24CF4440F80AEB2BB64552C07605682B44CF44403F28082ACF4552C0E3802B0861CF4440475A4F86EF4552C033A9A76686CF44409D4BE365184652C04D134C99B5CF44405B71D1F7474652C07700AB87ECCF4440C2691C8D654652C0D2EF3EB00ED0444074591BCC794652C07B122A1126D04440351FE5679B4652C0BF81B3DF4CD04440C02939F1A34652C0685298BA56D0444040ADF657A74652C0706BFF3B74D044403433BD98AE4652C04F647D1FB3D04440E40C902BB24652C061D10E1BD2D04440FC4895CCB84652C00BE1FF950BD14440D0315D56BC4652C0FE24E4462AD144402F1A6313C04652C08A10F8AE4AD1444091D19653CF4652C0EFE73CE8CED1444096B27C44D64652C0C2F688150BD244402A25521FDC4652C08A6FB8D83DD2444022A6E49FE04652C09268BDDE64D244409C6C05A7E74652C09C2287CBA1D244408E77065FEE4652C0EDABB30BDCD24440393E9AF8DF4652C0B5B3DF3E15D3444043C4A98FCE4652C0544FA9635AD34440520BD732C84652C0542BCCA973D34440D3AE69ECC04652C04AEC828D90D344407CCA1894B14652C0B5C8F77FCDD34440A7F6F52AA84652C0613864DEF2D344401D3A4F50914652C06E6173A24DD444400849F0CE8A4652C09005277567D4444044577B087E4652C076A45D329AD444403B442233794652C099BC0664ADD444403F663E93724652C0A66A07B0C7D4444003DBC09F6D4652C0150F2CF5FCD44440728AFAB6674652C0E0B8B58A3CD54440380AA087644652C06B4EBECD5ED54440A1E30904604652C023B0C5588FD54440A08184245B4652C04C2D49C7C3D54440DE833986584652C0E67C9BEEDFD54440127C645B554652C019D41D0102D64440C6F759054F4652C07254E72B46D64440E8E2F8FC4A4652C07B309D8871D64440EA54EF3C474652C0DB37C0DF99D64440169C461C444652C070234D84BBD644403343C72F404652C0405139B7E5D644406630CF403B4652C075E335C61AD74440FEE48860364652C08FA695354FD744402F32CF43324652C0082CE3707BD744408F31CE9C2D4652C001096A77ADD7444033644F96294652C071A039C0D8D744408F0FCC18274652C0BFF5D188F3D7444095C5E03C234652C06DFE410C1DD8444012FCBDE41B4652C0D98BDA046CD84440EEE3F9A4174652C030A763B599D8444092363615164652C0698EB282AAD84440DD4FEC42134652C01E49ACD5C8D84440224A80310F4652C05F67B893F4D84440AD10D0B20A4652C0A2BC83E924D94440B548329B074652C038C3802946D944404CA43524024652C06755C2E980D944409582A924FD4552C09E544DABB6D944403BDEC14BF94552C0101BE507E0D944402000A701F64552C075A13B6303DA44402E678F1BF24552C09015C74D2DDA444084638C23ED4552C0C48B8EB762DA4440DDAA2F4BE84552C0F09022D196DA444025B9C2B4E34552C05EB95F1FC8DA4440535248EFE04552C0FCD1F7EEE5DA4440EF03155CDD4552C0624E7C5A0CDB4440708057F5D94552C0F8B0DCED30DB4440263E1708D64552C0BB91AF215BDB44404740A22DD04552C08DF0930C9ADB444047BE61D7C84552C0E12E81BBD6DB4440
61,-73.088044073,41.6917686302,115kV transmission line,140304010,115000,line,0102000020E61000002D00000047BE61D7C84552C0E12E81BBD6DB44400E4295C2CD4552C0F8FDF1CC91DB4440EF68A1CAD34552C0DB63EF0B4DDB44404ED3F44BD84552C0A7F1F1B01CDB44400FCFEB6EDD4552C049784074E7DA4440E317F2CAE14552C0B8DA616CBADA4440A3E3C984E64552C0577BAAA986DA4440FBF5FFA6EB4552C03C1D78114FDA4440E1C9441CF04552C0E995D9741EDA44408982A1F4F44552C00FADE25DEAD944401AA34874FA4552C077ED26FFB0D944403F6D79E1FF4552C06DF963B575D94440E725D6B9044652C03F6A10DE41D944400BA7B482074652C0045A7FE023D944400ECB0A820B4652C03ACE4C4CF6D84440C4C3FF53104652C0C8E2AB46C5D844403AC6082E144652C0988CE3B49BD844402E2338411B4652C041E71EC05AD8444089801483204652C0F6F27B1C1BD84440E3924AA5254652C0E741C7DBE2D7444078D75492284652C056155040C1D7444085F724A72C4652C0A8958A4595D744400EAE03C8304652C0B2655E7F68D744406E5F62E0334652C03589A7BE3CD7444029916CAE294652C061082F353AD744401E88A2A3164652C0230DE45240D74440180A0F82FB4552C0200FEBEB47D74440B502F4F3EF4552C0C2BC8ED04AD74440540DD737B04552C0CC58B70C5AD74440F135DB12A54552C0C1300D955CD744409C166FD77F4552C019878A3851D744403E08E6E9664552C08737F38C49D7444018240824424552C087A122713ED7444083CB25062C4552C04BEE400F37D744403678FA9A134552C03842B2F83DD74440FEEFAA80EC4452C0E6F6464448D7444064766C84CA4452C06F9C9D4F51D744405D1DD507AE4452C06687648351D7444036192F5D8D4452C06CA0A37C51D74440119FE53D844452C0D5F2D7E335D74440DE5B2E257A4452C00668F44816D74440B3C4FC657A4452C0DD9B2B79EAD64440EEAD711E7C4452C0802D31F5C5D6444093705DC1724452C09AA2D9FA88D6444046BC2694724452C0996BD77476D64440
62,-73.0948281567,41.6571527579,115kV transmission line,140304012,115000,line,0102000020E610000058000000B108FAE4E44352C07CD3486A62CE44406CB6297D054452C010757EE386CE444041AB817A2E4452C07DC2F7C795CE444045E50326434452C0E589D04A9DCE4440E0526C4A6F4452C0B3293554ADCE44405EA9BE049A4452C0FB92DDDABCCE44406AF9A014A54452C0FA4808DFC0CE4440ED06C874B94452C061083C46C8CE4440AE33581EDC4452C0E310FEDED4CE44401178E20AFB4452C0BB15711AE0CE444001F5B2B8114552C097564258E8CE4440C26FE3A22C4552C0CC294C1FF2CE4440A55DC802574552C096AA268501CF44401505ADEE694552C09154F66308CF444006C681A48D4552C0AF3B155E15CF444013582E1D9B4552C0F69B6EEC24CF4440F80AEB2BB64552C07605682B44CF44403F28082ACF4552C0E3802B0861CF4440475A4F86EF4552C033A9A76686CF44409D4BE365184652C04D134C99B5CF44405B71D1F7474652C07700AB87ECCF4440C2691C8D654652C0D2EF3EB00ED0444074591BCC794652C07B122A1126D04440351FE5679B4652C0BF81B3DF4CD04440C02939F1A34652C0685298BA56D0444040ADF657A74652C0706BFF3B74D044403433BD98AE4652C04F647D1FB3D04440E40C902BB24652C061D10E1BD2D04440FC4895CCB84652C00BE1FF950BD14440D0315D56BC4652C0FE24E4462AD144402F1A6313C04652C08A10F8AE4AD1444091D19653CF4652C0EFE73CE8CED1444096B27C44D64652C0C2F688150BD244402A25521FDC4652C08A6FB8D83DD2444022A6E49FE04652C09268BDDE64D244409C6C05A7E74652C09C2287CBA1D244408E77065FEE4652C0EDABB30BDCD24440393E9AF8DF4652C0B5B3DF3E15D3444043C4A98FCE4652C0544FA9635AD34440520BD732C84652C0542BCCA973D34440D3AE69ECC04652C04AEC828D90D344407CCA1894B14652C0B5C8F77FCDD34440A7F6F52AA84652C0613864DEF2D344401D3A4F50914652C06E6173A24DD444400849F0CE8A4652C09005277567D4444044577B087E4652C076A45D329AD444403B442233794652C099BC0664ADD444403F663E93724652C0A66A07B0C7D4444003DBC09F6D4652C0150F2CF5FCD44440728AFAB6674652C0E0B8B58A3CD54440380AA087644652C06B4EBECD5ED54440A1E30904604652C023B0C5588FD54440A08184245B4652C04C2D49C7C3D54440DE833986584652C0E67C9BEEDFD54440127C645B554652C019D41D0102D64440C6F759054F4652C07254E72B46D64440E8E2F8FC4A4652C07B309D8871D64440EA54EF3C474652C0DB37C0DF99D64440169C461C444652C070234D84BBD644403343C72F404652C0405139B7E5D644406630CF403B4652C075E335C61AD74440FEE48860364652C08FA695354FD744402F32CF43324652C0082CE3707BD744408F31CE9C2D4652C001096A77ADD7444033644F96294652C071A039C0D8D744408F0FCC18274652C0BFF5D188F3D7444095C5E03C234652C06DFE410C1DD8444012FCBDE41B4652C0D98BDA046CD84440EEE3F9A4174652C030A763B599D8444092363615164652C0698EB282AAD84440DD4FEC42134652C01E49ACD5C8D84440224A80310F4652C05F67B893F4D84440AD10D0B20A4652C0A2BC83E924D94440B548329B074652C038C3802946D944404CA43524024652C06755C2E980D944409582A924FD4552C09E544DABB6D944403BDEC14BF94552C0101BE507E0D944402000A701F64552C075A13B6303DA44402E678F1BF24552C09015C74D2DDA444084638C23ED4552C0C48B8EB762DA4440DDAA2F4BE84552C0F09022D196DA444025B9C2B4E34552C05EB95F1FC8DA4440535248EFE04552C0FCD1F7EEE5DA4440EF03155CDD4552C0624E7C5A0CDB4440708057F5D94552C0F8B0DCED30DB4440263E1708D64552C0BB91AF215BDB44404740A22DD04552C08DF0930C9ADB444047BE61D7C84552C0E12E81BBD6DB4440
63,-73.0883810246,41.7276786708,115kV transmission line,140304009,115000,line,0102000020E61000000E0000002A71B71C7E4552C0B3157D9D6DDE4440A729D51A7E4552C0F0EA6A916BDE4440DD9777DC854552C0121440CA54DE4440BBBC2F698E4552C0BD385A003DDE4440CA451A07914552C071B20A9B19DE44407986B3A7954552C0E60220B6E7DD44406C9A90169A4552C0AB71302BB8DD44407AF107D09E4552C0C8EF198385DD444001AF6E2CA34552C05387CCB555DD4440B5FC7E0CA74552C02A5C7B212CDD44404F504746AD4552C037EABB11EDDC44403F0E5BD1AF4552C0D1B1AD0FD5DC44405B1EDC91B74552C049F700E58DDC444047BE61D7C84552C0E12E81BBD6DB4440
64,-73.0229469099,41.5906745684,Frost Bridge - Noera - Todd 115kV transmission line,141130121,115000,line,0102000020E6100000330000001809A713E34352C0ACD8A4BD4DCE4440DC94154EDC4352C0DF60F8BF4ACE4440CC4967FED34352C0F22E64C626CE4440BFFB11609D4352C080D9E0FC37CE4440A824A69B864352C0B69A27F93ECE44407A41549F694352C0F8C59F1948CE4440FD7BD93D5D4352C0EFA1931B34CE44402B80C00E5D4352C0E83ED30306CE4440BCE52B185D4352C06A21989564CD44406A84BC7D5E4352C0CDE03B6D31CD44409B1A55055D4352C01639405CEACC4440E17808B32B4352C089DE91D7C2CC4440AE3A9F36174352C0F221F964B2CC44408ADE29C1CF4252C04A54A3FB78CC4440B05E9BDAAE4252C0A48C2F915ECC444059FB1D29834252C0C07BF47B3BCC4440090B2BB1634252C06494475022CC44400A585E42384252C06A686775FFCB4440F0EAB2AC1A4252C0F318798CE7CB4440C9818093034252C099027D48D5CB4440F1613DEDDC4152C08F296F65B6CB4440E0E6C2069E4152C053344ADD83CB4440E1D8F8F36D4152C0038903F35CCB4440E1283314344152C0711122942ECB4440104EA24B1D4152C051FF3A4B1CCB4440C765E5E4004152C08075DACC08CB4440989ECDB2D74052C0B2DEF156EACA4440F1CF519CBB4052C06513259ED3CA4440824A6F34AF4052C02DB0CDD9C9CA4440CE8A82F0A14052C0824D4C13BFCA4440B3C8A170924052C0B2ED6892B1CA444064AAD69C764052C066BD322E99CA4440B35A998B614052C013218CEE86CA4440A584E80A474052C00F8BB9F96FCA4440D6A2CF06304052C015E81BBE5BCA4440D94F4ED8FE3F52C0E2EE622331CA44400BFB98EEF03F52C058C1A11D25CA4440E1F81F75E13F52C0AC87EEBA17CA4440B87E02DEB53F52C06E3F7FC2FFC9444010C772F5973F52C016EAE725EFC944401AED43BA853F52C02CD42B7FE5C944408F951CE06B3F52C0129FFF75D8C94440C3B79E64563F52C02A1208A5CDC944406BFA9D2C433F52C0B0D13BD6C3C94440530F405B263F52C0C186690DB5C944401E89512AF63E52C0F1F0C4C59CC944401F11AD0CDA3E52C01C22CED587C94440C4C08000AB3E52C0F9E488EE64C94440922F3615A23E52C0F12395295EC944403E4D3938903E52C055994FA652C94440ABE40C046F3E52C054A598D451C94440
65,-72.4924926037,41.8506996689,Barbour Hill - Rockville 115kV transmission line,140041767,115000,line,0102000020E61000002D000000723C1697C82152C0A404CB5247ED4440F5CF51CCBC2152C057F62FD231ED4440E4B58267A22152C0C6A835D508ED44402CE59D37872152C098B6E19ADEEC4440A9B9026E742152C04B51EC6DC1EC4440B56662255F2152C0A5434C5FA0EC444083860A4A3A2152C064E1FF2167EC44405645C188202152C0BD612E213FEC4440C16E1FC1112152C0E1A8412C28EC44408272787DF72052C0C7829861FFEB444048AA9899D82052C0C4A01CBDFEEB4440D1A4CE94B32052C0FB5A1C46FDEB44406418715FA02052C0CBDDA39D01EC444089C6BAD47B2052C026F0FFEA0AEC4440C1B1AF90582052C0DA66193F13EC4440C12EF51C342052C0CF0E008D1CEC4440AB3C1C7E102052C02C00063C25EC4440443B02A0EE1F52C0B1953BC82DEC44409FDC35BCCA1F52C04C7CC86036EC4440FD1A31E5AD1F52C036DA5DB03DEC4440BACF55678B1F52C074EE905346EC4440379BDEE67A1F52C0C34035234AEC44405AC5938A511F52C02251F88B54EC44400A5C2F052F1F52C0A69CFEDF5CEC4440190F7EC0181F52C00411A78B62EC4440072C5600FF1E52C09620FC2F69EC44404F5E785FD51E52C0E9A59127A5EC44409BE596B2C61E52C0632F0844BBEC4440B13E969FAE1E52C014EBB5D9DFEC4440614407EFA31E52C02D439146E1EC44409674B3C6811E52C0A86B68ABE6EC44406CC9A9D66E1E52C0785D64B5E9EC444038026B5A591E52C0A1F17860EDEC44404DF9E4673C1E52C0AA46CAFE07ED4440D9D2ACD8201E52C06396387225ED4440210883F41E1E52C024321FCE4AED4440712728261B1E52C0AEAD942886ED4440EAC9FF9B171E52C017F2C8FAC0ED444081F5E3BB111E52C090F737B31AEE4440A9283C200F1E52C03FDBA88A46EE4440F74346C9091E52C06E8C7E8797EE4440D17594AFF51D52C0CDC1DC47B7EE4440579700EFD91D52C006D9CB87D4EE444084DDEA1EB31D52C09E2C4CE7D3EE4440613710B1B11D52C03C63FF01E7EE4440
66,-72.5733389002,41.8342501353,South Windsor - Barbour Hill 115kV transmission line,140041809,115000,line,0102000020E6100000220000002D229DEE692652C08541A12B87EB44407F1AFF6D632652C0BA21A6A287EB4440D572B99B502652C03C1F01747BEB44400E42748D392652C00AE691876CEB44404F37F3D5162652C01758D00F56EB4440F1E3A55E032652C007A56C7649EB4440CF3A1734DA2552C021BA7AD02EEB444055DA421DB72552C066ADCB1A18EB4440A00BBFD6922552C0CE2AFB9F00EB44402ECC607A6E2552C0E9658016E9EA4440E38111C6532552C09D21ACCDD7EA44403602CF27312552C02BB83A65C1EA44407CCD1D0B0D2552C02BEE1D05AAEA4440F86947A3E92452C06048491A93EA444006CDAE10D72452C08B3FF2A396EA44406FE9A277C22452C039DCDC8F9AEA4440E5EC7841AD2452C07A0E89999EEA44402210B609942452C0D5DF2867A3EA444027B5EC1D752452C0B579B54AA9EA44402FC7CBD55C2452C056E69AA499EA4440E29121423C2452C0D5CF95A584EA444085954354252452C0CC0D52DE75EA444006C5B29C102452C06E2C708F5FEA4440EFDB9BD8F72352C082873DE444EA44402A034DDFF32352C0BFA86B113EEA444088A200F8F42352C0DF69ACE441EA444081E2A26DD72352C00FA269B255EA444090C18FE5B22352C074A01F316EEA44406A76DEA3932352C0E567882583EA4440D462C00F782352C0FFAA3AA295EA44409DC70574612352C08A7602CAA4EA44406E06B6FB4A2352C031A84DDBB3EA44403DE6DAC4272352C0414E03C4EAEA444067357A61122352C04532E33712EB4440
67,-72.5620293442,41.8274432544,Manchester - Barbour Hill 115kV transmission line,140041782,115000,line,0102000020E61000001700000087AAFC6BBB2452C07E13A47B8DE844400D14EE5FBB2452C016B3D91CA6E844402AD9EF4AAF2452C075C61B79BAE84440673EEA0D9F2452C00F107ED6D5E8444004BC23D3852452C01588A85A00E94440C002E02F6F2452C0B307838026E94440936C6EF25C2452C0652D393D45E94440C86E3500452452C027AD8E966DE9444089ADC37B332452C0B70C581B8BE94440287148562B2452C0F0EFB2A8A3E94440F2A02D23182452C0C39D898BDDE94440F143F6DF082452C0A28A438C0BEA4440F6E75F04032452C0E9AD8A351DEA444067678720F62352C04C95FE0F44EA44408D5B1CABE22352C0D5B5D61751EA44405AE84529D82352C03E7D1B2158EA44403A932C67B32352C0C91241BF70EA4440A3844F01942352C0F8D19FC585EA4440686C88CF782352C0786021FC97EA4440169C4360622352C08CDE3702A7EA44404DA2A5F64B2352C02D295904B6EA44402B7B57222A2352C01FAEF742EEEA444067357A61122352C04532E33712EB4440
68,-72.568496274,41.7932142796,115kV transmission line,140041831,115000,line,0102000020E6100000260000004446476AB72352C046F930F7A5E244404E8E1AB3AB2352C09E1EBFB3A9E244406434EDF0A42352C03A7FA822C9E244401EEA71B4AC2352C006E19A39FAE24440805FE8F9B22352C037CF999A21E34440ED0B01A6C82352C0400E560139E34440C0533A12E62352C0A8D0BD4258E3444025E36A1E052452C033E27BE26AE34440AED3B10E2B2452C0A459140182E34440E2EDDE672E2452C0C3A93187AEE34440DA106DB53C2452C0D1B8E533D2E34440802340A62F2452C025F0370202E44440F82AA48A222452C05E30681930E4444098EAA7B80B2452C02DDBAECD77E44440A60CBFDA132452C0927472FEC6E444407366B5F21D2452C06FFBB2A62FE5444014129B8B232452C0DCE2459369E54440B37F1D8C422452C0BD64D74087E54440E3EE58854B2452C0F6489430B4E54440519B7E9F5A2452C09424B335FFE54440499E5176662452C0F0F2AAB43DE64440CEDBA4AD742452C0E97DF0365CE644403087F5A7942452C00A20924658E64440A661E171B52452C0E7CE68A554E64440DF6C4B40C42452C0708849D54EE64440AD881278CD2452C044C6569C68E64440C2905D27D22452C09F12248C8FE64440D28B3197D72452C0E4699E7EBAE64440B64B312D0C2552C0825266911BE744405CF977AF082552C00DABDBF560E744402C735088012552C05DC78E7F77E744402547D1E5F32452C0E205CB029EE74440C3660678E42452C0597EC579CBE74440E8E36394D82452C06FDF5722EEE74440CE7C80B8CD2452C0DDB01A830DE84440E8D4CC91C12452C0526AFB0532E84440BCC429C5BE2452C0F17776BE5AE8444087AAFC6BBB2452C07E13A47B8DE84440
69,-72.5733389002,41.8342501353,South Windsor - Barbour Hill 115kV transmission line,140041809,115000,line,0102000020E6100000220000002D229DEE692652C08541A12B87EB44407F1AFF6D632652C0BA21A6A287EB4440D572B99B502652C03C1F01747BEB44400E42748D392652C00AE691876CEB44404F37F3D5162652C01758D00F56EB4440F1E3A55E032652C007A56C7649EB4440CF3A1734DA2552C021BA7AD02EEB444055DA421DB72552C066ADCB1A18EB4440A00BBFD6922552C0CE2AFB9F00EB44402ECC607A6E2552C0E9658016E9EA4440E38111C6532552C09D21ACCDD7EA44403602CF27312552C02BB83A65C1EA44407CCD1D0B0D2552C02BEE1D05AAEA4440F86947A3E92452C06048491A93EA444006CDAE10D72452C08B3FF2A396EA44406FE9A277C22452C039DCDC8F9AEA4440E5EC7841AD2452C07A0E89999EEA44402210B609942452C0D5DF2867A3EA444027B5EC1D752452C0B579B54AA9EA44402FC7CBD55C2452C056E69AA499EA4440E29121423C2452C0D5CF95A584EA444085954354252452C0CC0D52DE75EA444006C5B29C102452C06E2C708F5FEA4440EFDB9BD8F72352C082873DE444EA44402A034DDFF32352C0BFA86B113EEA444088A200F8F42352C0DF69ACE441EA444081E2A26DD72352C00FA269B255EA444090C18FE5B22352C074A01F316EEA44406A76DEA3932352C0E567882583EA4440D462C00F782352C0FFAA3AA295EA44409DC70574612352C08A7602CAA4EA44406E06B6FB4A2352C031A84DDBB3EA44403DE6DAC4272352C0414E03C4EAEA444067357A61122352C04532E33712EB4440
70,-72.5381311108,41.8452857658,115kV transmission line,140041821,115000,line,0102000020E61000001100000067357A61122352C04532E33712EB4440105A05C0002352C035F5B79B2FEB444014DF73EFE52252C0A129D86F59EB4440FB2ABDC2C92252C037EBF56086EB4440E251FD82B52252C0B84525D9A6EB4440794072449C2252C0E0ECD7B2CFEB444004939E548A2252C01DAFE074ECEB4440D2E49F81702252C035B02AB214EC44401FDC6099602252C07D92FB0F34EC44401847D4DB4D2252C0AF7C2CD358EC4440B5766D603C2252C020C8B3E689EC4440DF7E0166282252C0D9C5FC16BFEC4440F0F313D3172252C08052DFE9F0EC444024DFEEB2012252C0B45E955D2EED444077273880F72152C0CC207DDB4CED4440DAE6CD59E72152C0E21F5CA34CED444067DD49B2DC2152C0915A30E850ED4440
71,-72.5765250831,41.5588903811,Middletown - Portland 115kV transmission line,141130125,115000,line,0102000020E610000005000000C27C25B6FB2452C0B18E6564FBC6444004CA8DA5F22452C0E33D369205C74440621C6E6DE22452C08D675155A6C74440C189C87DD82452C08B71CA930BC844403CF98669DC2452C04C08279E1DC84440
72,-72.617817842,41.5235238484,Middletown - Dooley 115kV transmission line,141130123,115000,line,0102000020E6100000450000001E829CDF082B52C0757B928371C14440254A5C03072B52C0C05789B371C14440C1A4B9E6062B52C0357B45856EC14440D9FABEB2F62A52C0540040926EC14440255946D8E72A52C072E69C2A6CC144408FA4ECF8AF2A52C0D8E9EDB972C144405D008A5E812A52C0A0DF1C5B78C1444068BCE058462A52C0378EA0A17EC1444029647CEF392A52C00A6B30D87AC14440BF0BD9AB282A52C0FA59077975C144409585D8CE0D2A52C0877003F86CC144404F3662C8E92952C05721435661C144404EE493ADAC2952C0DBC138634CC1444064662AC8942952C03424D10752C144402A5A46DC682952C0DE086D275BC144400E8CD5E8332952C00060B66E65C14440FC47F538FC2852C0636FC00568C14440A7C3FC8EE02852C0636FC00568C14440BD0A5EEABF2852C0CE76831F6DC14440A84F395E962852C0B9DA03D572C144408C4C5B656B2852C0C2E5516178C14440F6DB058E402852C05A3D12CA7DC1444070DCEEA42C2852C0B21CCC757FC144407E5949CF092852C0195A522788C144406C66CA8AEB2752C02C103D6A90C14440BDCCCD25B02752C0D6F0399B9FC144407CE705A29A2752C006D4CA45A4C144408BD1FB01852752C0335484BBC9C14440D78FCE67702752C00447D96AEDC144409561A7D15E2752C09DADC4E00BC244405F483AFA482752C0465161B531C24440107A5674292752C0407F6C4E68C24440DD1D6C201D2752C0B64D20A97DC2444041568075092752C0776C8EB99FC244409A82B6C2F72652C0A6A90861BEC244403F435B58EA2652C027A649EDCCC24440FF3B9150CE2652C002E14754EBC244405691515DC32652C016403B35F7C2444004DF8DC5A42652C071A3ED6218C344406F632F066B2652C07CA3A00557C344409976D9615F2652C0211E8BA463C344403A23720E592652C0FA0A54E075C344406BC5E06D4D2652C038E9B36297C34440D5876B2A442652C069BF8413B2C3444019DEAFD0382652C0C53300CAD2C344406E6F58B02A2652C0C835657EFBC344405CE720261C2652C02045556425C44440B34AFE170B2652C0DC8C598956C4444072508405022652C0CC0CC9AE70C44440DC67373EF12552C0BB8A2907A1C444400E635C34E62552C00EC24ED4C0C44440D4203E53DD2552C0E919446BDAC444400CFB0E9BCE2552C0E829A0D404C544409FE71505C52552C0A9106A7320C54440E49FECF8B72552C02073540A46C544404EE905A8AB2552C07DAF708669C54440FBDFC518972552C05D0420DE89C544409DAC26AA8C2552C02053B4459AC544401AB83FF3732552C0C3337025C1C5444073097F535A2552C004C0E271E9C54440A5C2E64E462552C00A2FD0EE08C64440646FC313362552C064BB877522C6444026F7A333272552C081BFD1DA39C6444053BA801D122552C02A002C055BC64440D7463417062552C06C2A728A72C644400043E5D6022552C0F389690185C644403A711E19FF2452C03B54BABD98C644403BFF41B5F52452C043EF301EE9C64440C93481E7FB2452C0CBDDFD9AF4C64440
73,-72.5730404367,41.4918959663,Middletown - Haddam 115kV transmission line,17194894,115000,line,0102000020E61000007B000000C27C25B6FB2452C0B18E6564FBC64440972AC5EEEF2452C00F07BADFF0C644409A3EB7FBF52452C0A9AFC04C91C644402FE546C8FD2452C0435BBC206AC64440149F8B12192552C05EDF066F37C64440C1B8C724282552C025A26F9910C64440761ABDA3382552C07A9C296BF6C544406D869D95492552C0F1609F63DAC544409550889E7E2552C08141A1AE87C54440E5AC9C2E8E2552C04CF573FF6EC544402DC87F8D9C2552C09C9A314A59C54440493A862DA92552C05F6E9DB034C5444081ACB609B92552C09E67E7D506C54440A6A8407FC92552C09B083D03D7C4444089DCB658D52552C09797A8B7B4C4444052BBE7E7DE2552C05C6B890B99C4444027C5F173FB2552C0F400D7B747C44440E954D4EC092652C03E3590671EC44440A872C0251C2652C0862F09B2E9C34440FF44667E292652C09BFCB274C2C3444005E80F21362652C03BF82D959EC344401C240854432652C01B5A84CD78C344409505A3A3502652C061A1359051C34440E57ADD00692652C0BFE406B736C34440A0356AFC952652C0A2FB5A5F06C34440498AB483C12652C0CF0B60A5D6C24440BCA5D6BCD42652C052E07215C2C24440B5D37A60EB2652C0368088AAA8C2444020F7BD0C002752C0436E54C184C244405550A1D11A2752C0167A433A57C244405A4AAD8F2A2752C0D374F21F3CC24440532F0CFD372752C0344DDF4A24C244400A910EEA412752C0E823595313C24440AFE28AD8522752C0EB0A2447F6C1444041579A52632752C0EBE6D2D8D9C144403E29A81A742752C057FA0071BCC1444002BEE59D712752C0620C43CF8DC144400AF647866E2752C0026DB14253C14440E067F27D6C2752C056384B662DC14440A3FC2F016A2752C00A00BD25FEC04440A820936E672752C0117B2317CFC044407E923D66652752C070E96E22A9C04440F83F38A0632752C0AE37033785C044407224DA7E622752C0265F96996AC0444066343641582752C01D447EBD40C0444054DE642D4E2752C030F88E5515C0444011629D56442752C02B5CB808EBBF44406A2947353C2752C07C54F13FC9BF4440A29AFDF32E2752C0F08C635F90BF44401687CDB3282752C07B94B79575BF44404FE4586F3E2752C0ADBEA3EF4DBF4440975A2C04582752C0FB800BFE24BF44405D225789702752C018004189FDBE444009953CC4862752C0FB061238D9BE4440E53012E3942752C0D0D6AA73C3BE4440BB24FD309A2752C05AA0ACF1B9BE44400FB712C0AF2752C09EAF4EA197BE4440120F09D5C22752C080B296EC77BE44403B615C2ED52752C09F8ED35F5ABE444077F5A86ADE2752C01EC34F5B4CBE444088846830ED2752C0ABAFDBB533BE44403D307D43E72752C085C11CC330BE4440D8977DEEC32752C0E634507B1CBE4440C424EB84AF2752C019BAD63E12BE4440D09AA397992752C07312B44005BE4440A4E9C47F7A2752C0AA7006FCFBBD44409975A64C5E2752C0AD02EAD8F1BD4440C3249129432752C0F4DB2DFFE7BD4440B43F3C38182752C06754E948D8BD4440C8648EA1F72652C0934C998DCCBD4440C0601FA1D32652C0EAC9A477BFBD4440B4BFE893A82652C0623223B7AFBD4440E52B70D0892652C044C69DC3A4BD44404ADC8883552652C03357F2CB91BD4440E27A2365392652C05880769987BD444056DDB0750E2652C08121A90B78BD44407B69F866E32552C07E2231E168BD4440334FE2F7BB2552C03EA345435ABD4440A2D65E3F962552C0D38F79784CBD4440101E4BBD782552C005221BE341BD444088B7A6BC3A2552C0E68546672BBD4440CB6527DC122552C0A2AD26291BBD44407A4FA4C5E42452C0D21CEE8B22BD4440C0437D68C72452C0F26E4F2325BD4440880239E59E2452C00B922913FFBC44401EA91B84702452C09BCDA9B3CFBC4440905F0421572452C06A38E5FAC5BC4440711180082C2452C003B90C1EB2BC444097CC26E1132452C003EAD119A7BC4440E5785BB5F62352C0E1A2407D98BC4440E906992DE02352C0BE398B4F8EBC444023CFCBE3C82352C08F01ADBE82BC4440DD971B69832352C02F05D14662BC44404B74B3BE5C2352C032F524F850BC4440B1BAF1663C2352C0529AE39342BC4440A963A1F7232352C034BF2DAB37BC44402ADBE8C6F42252C06C253A0E22BC4440EB73ED5AD12252C0D7CFE5F011BC4440CC5602C9C32252C0FA37379B0BBC4440AF4A48199B2252C002505BF3F8BB4440817827FF622252C099B3FD21DFBB4440444D3BB0282252C0C96ABC5DC4BB4440C9180556F72152C0D197A9AAADBB4440659B7F49DA2152C0F8E2405AA0BB44403DC36AEDB12152C0A20972ED8DBB4440AF8CBE0B882152C06D3CCAB07ABB4440A0CDEC4A722152C0EEEEEDC570BB44408D0B4DF1412152C08AE11E615ABB44403CF07B3E1E2152C017CFE8244ABB4440D5F168EFED2052C05313FFBF33BB4440FC54338FB52052C002198F081ABB4440BCC63AD55F2052C0C7C8987FF2BA4440E3093D902B2052C03FCB9351DABA44404D7E7ADEF31F52C0E28E98D4C0BA4440A284131FDA1F52C042A70B0AB5BA444034E590CCA71F52C0023366909EBA4440AE45B8B5941F52C0CBB95FCFA3BA44404FB3A764701F52C0AF667961AFBA4440A5279C5C511F52C00DF0605CB9BA444067B611263C1F52C04DED79F9BFBA44402BF2F852FC1E52C02D18D172D4BA44401E9A077CDA1E52C0D7E22D1CDFBA44406FD9C7649C1E52C0895E4178F2BA4440
74,-72.4781041263,41.4605240846,Middletown - Haddam 115kV transmission line,287508674,115000,line,0102000020E6100000020000006FD9C7649C1E52C0895E4178F2BA44400D64511F961E52C040D0C86FF2BA4440
75,-72.5680425334,41.8934259592,Barbour Hill - Windsor Locks 115kV transmission line,140041775,115000,line,0102000020E61000004A0000005856A621DE2152C011C12CCC6EED4440C355A03CE82152C03F5FA0C87BED4440CEC9BE6F042252C0FEE56D9DA0ED444079432CE61A2252C0204F8E5EC3ED4440467191AF2C2252C0B626D7CBDEED444096264F68432252C07397E94502EE44407A13BAAA502252C0BEA5ABE216EE4440E726A6D2602252C0C93E58DD2FEE444032348628682252C07C6A1FD63CEE444095175825692252C0FFA1E4484EEE4440C0677E4D6A2252C072BEDFAF72EE44404A9E63256B2252C036DBD18F98EE4440CB7C2B9E6C2252C0B0888F69C8EE4440B766C3096E2252C02BC8FDBD02EF4440E3E6089B6F2252C0657DDE9437EF4440F93E3B98702252C01DE0381469EF4440704A2029722252C0347891B59EEF44409F0E849E732252C037CF3A78D4EF444000006612752252C07D4B6BB50AF044409F5E5E7E762252C01F969D7141F04440CAAE84A6772252C0E9ED54F073F04440A7588418792252C0C421E2BAA7F0444046B77C847A2252C0778AF7F0E1F0444006B12C9A7B2252C0B24956F410F14440FE28F0D17B2252C0F928208736F14440598A4DC08F2252C0B3FF8EC14FF1444048F5726EA42252C0F2C7CD876BF144406B455870C62252C0C817651199F14440C137B93FD62252C091B4413EAEF144407D6F8BC7DE2252C01C32CEC2B9F144406AC170CCF72252C0BA34FFC9CEF14440A48716110C2352C0E084D1B0DFF14440801950F72E2352C0DAE80142FDF14440DDF9F31A522352C058DB29B81AF2444010F6922E642352C0A93BD8D229F2444084D5BF26812352C045F7123042F2444067F6CA7E9D2352C070DBD3CC59F24440DD47E148BD2352C0D027498874F2444055E9EBCED22352C0563926E786F24440E9C1C735EC2352C07E2CD0ED9BF24440D40C18910B2452C0D2A18815B6F24440F0D90E67232452C0F9243412CAF24440D96916DE432452C051743B3BE5F244401B71E0E55F2452C0A60DC02BFFF24440D490ECE1892452C0C0752D6326F34440B875F58AB62452C043A730EF4FF344407B7280A7CB2452C0AB52F78563F34440C99ADA45D92452C0D3D463786FF344400313D3DBFB2452C0F4FD831B8EF344404491D451102552C060A64E7AA0F3444020F3EECE322552C05F49CBF8BEF344403A49AE36522552C06901F406DBF34440A15A2C07722552C08D38FA4BF7F3444075C76E86872552C00C9363580AF44440BECFF3D19F2552C0799B7F0320F44440D3B6B61ABB2552C09E9BAB5E38F444409DBDB1E7DD2552C0034A151D57F444401985597AFB2552C07BF06C5F71F44440E3C2085A182652C03787C10E8BF444405BF8F1C73D2652C01BAF1E19ACF44440266C88CA6D2652C099E844FED6F444405C6E0974852652C09FAD9B3CECF44440AE628A06AD2652C031F6DD080FF54440DB23CD10CA2652C0DD8D54232BF5444030CB415C092752C082395F3661F544403128799F182752C054628BA26EF544403A24E6461F2752C0D001D17C74F544408F38499A352752C0C73DDD4588F54440326AF035512752C0E04638ECA0F54440F4B2C717612752C098DF2647AFF544405840B1167C2752C07832E4F19EF544400381236D942752C018F86F9593F54440486E1494B32752C034441A2085F54440000F7A1A0B2852C0F3A1FE5B9BF54440
76,-72.1667872739,41.3855876854,Montville - Williams - Flanders 115kV transmission line,140440163,115000,line,0102000020E61000001C000000E4E3A62C1C0C52C0EE9A7CBA30B04440EE866AAB1B0C52C07F3A5CF233B04440E61EE9591E0C52C0C12A718C41B0444005B2913C070C52C0035698EA52B04440D77E6560E70B52C08C5D09DB67B044406D607DBEC10B52C026A2D86E81B044402D522B7BA50B52C091E85EFB97B044400AB9F3D4800B52C06364EB61B6B0444035418E91690B52C02F9F77FBC9B04440CDB69EB3460B52C01FF6EF15E7B044407E4A339F320B52C01B06FEC8F7B0444078F7704A220B52C0FEDCA5A304B1444074C476DA0D0B52C023E6472815B14440250B3875E80A52C06D08D17531B1444082FB925DD30A52C0C837DFD741B14440F56A7063BB0A52C0694FFBF753B144407320DAA4930A52C011285B3B72B14440D7B264126E0A52C05FCA8CCD8EB144400CDC88AE4B0A52C0CC63C9D3A8B14440AE87C1191B0A52C006AEB518CEB14440B662ECBE080A52C0B6090DFBDBB1444010B98629DE0952C0A0902F88FCB1444096CFE980B30952C07F6CAF7D1CB24440FDDC39778E0952C00BD545AC37B2444089245D9F6D0952C07EE05CA949B24440161BE6655C0952C0811977CF52B24440143A1A51480952C054555D835BB24440E2522DCC290952C0A2C65C765BB24440
77,-72.1261081205,41.3964016185,Montville - Williams - Flanders 115kV transmission line,17154619,115000,line,0102000020E61000003E000000F145B736AA0652C04317499820AF4440B9A29A01B30652C053EA673930AF444027A562B5D70652C01162221965AF444089707B94F30652C05575CDE08CAF4440AAF13F81030752C0CE31ADB4A3AF44400DBB1EC1140752C064524395BCAF4440BDB6E669250752C0A3E54BBCD4AF4440C8F35DF8400752C0C6AE4ED1FBAF444000260B79520752C04D54E66114B04440D993EE5F710752C0A803251F26B04440C4D7A911970752C002CE4EEE2BB0444078D41222B10752C00D1D040130B0444088BA3403C30752C0DEE9B3D556B04440C3B0F9B0D70752C09723075186B04440FD8D8B23EA0752C045EF0DDEB0B04440AF669E34000852C04376AB09E4B0444052CDB2D5110852C0093EC6EA0CB14440C4A851B3260852C0934D7B563DB1444012333131390852C010178B7A67B1444098FBA0754C0852C01B0E9B3792B14440A64AC3036A0852C081125124C6B14440B8289D278E0852C0E97FE3B6E3B144403996F5EBA90852C0736D443DF9B14440A564101CC60852C053B8B33D0FB244406EA2B28DE90852C0389CFFB22AB24440EF16938D050952C089143D4240B24440E2522DCC290952C0A2C65C765BB244403B14BC1E450952C08A8BD9B55DB2444081034725320952C05AE1F34D87B244403656B20F250952C071475E93A2B24440296280B7120952C04AB8ACA2C8B24440058F8D6F020952C095844247EAB244409EEFEB02EC0852C0C2B2C2CB18B34440A7CC5DB5DD0852C0A74A39D736B34440B3BF15F0D20852C0306E374F4DB344403B57F91BC20852C05CD9D74570B344404836CCB7AA0852C01CAC1FAFA0B34440726062419D0852C0A49C23D5BCB3444053D82287860852C02912E5CCEBB34440D7DD478E7D0852C03F7699CDFEB34440EA167228700852C0551CA43B1BB4444030883D85640852C0AD9FE9C32FB44440E0F23A43500852C0E870D9375CB44440A16CFE7D470852C07A45B1076FB44440217A5ED4320852C06E20E6DB99B4444063CC14601F0852C0BB6F08BAC2B44440BDDAD6430F0852C0DE3233CAE3B44440B59CACA1FF0752C05C37626604B5444088B66084EA0752C024C4152230B5444056A18E35D60752C0F41C73815AB54440B95755C6C10752C0B89162CD84B54440351A0FFDAC0752C06C34DD39B0B54440F3BBC8FD9A0752C08B6199CBD2B544400C8D86E4910752C068D9ADE1EAB54440AE827EA3870752C0A97D7C6203B64440C44FA1017D0752C09C6FB4691CB64440784956556F0752C0F6D277483DB6444060C2B702620752C07DE2AF5B5DB644404A684B66560752C0BE379F8976B64440BAAAF6B53C0752C09B4A0E9897B64440BE214800280752C02FF5811BB5B6444087E17D9A1C0752C03A31893AB6B64440
78,-72.7560439388,41.8912518685,South Agawam - North Bloomfield 115kV transmission line,139269149,115000,line,0102000020E610000003000000986AA91E523052C0A825A4A734F244409014C65E5D3052C0E7220A8001F24440FA00488A7E3052C0F02787E91AF24440
79,-72.7284506641,41.981950134,South Agawam - North Bloomfield 115kV transmission line,43727452,115000,line,0102000020E610000077000000C93CB93D7C2952C07056B4BC4E06454049FBB8D1812952C02305E00D59064540691AEB70932952C0E8BA22BA430645402DF9F4B5B02952C0190EF45020064540587FF592CB2952C0CDE250CFFF0545401EA9A5F7E82952C03EAE393FDC0545406DC770CB042A52C0BE4B9A93BA05454096CFA4902D2A52C09B7EEF7BA705454002D566654A2A52C0473D9DFA99054540EF33A9CD6F2A52C0422E5C76880545400EC06934952A52C08CBAA0F2760545402811DBFFBE2A52C090641F5F63054540F8FBC24CDA2A52C02227CF95560545404D7933BBF52A52C02F865DBD490545401F1381A6202B52C0D39F6FA3350545401A8E0509422B52C0AD1A44002605454043164085672B52C0D8793F7214054540A72E39238E2B52C07D80A25B02054540EFA40CB8A72B52C0379A3E61F6044540D8BBA221C52B52C099CC74C8F5044540E44A3B9DE72B52C0D6A67B16F504454038384162082C52C09E53586CF4044540CB66BF62372C52C049BCE663F9044540586B05CE5C2C52C05AC05458FD04454068B72D3B822C52C06746C24C0105454030549461892C52C0E8389CB9E3044540B5D16AF4952C52C0D63C3FA7AF044540BD545920A02C52C09FB2D075850445404F50F78CAD2C52C08F3A54C74D0445405386F88BB32C52C00688ED3027044540A185C86ABA2C52C08ECADD0EFB034540E4FF4834C02C52C057EA9628D4034540B58AFF1CD42C52C0D190C18ABF0345407D3B4BE2E72C52C05404FFDFAA0345403DC498B1FC2C52C0FD5AAAB7780345405A3151B5132D52C0546F513F41034540C8B86DBC2A2D52C0C37B13BD0903454036C5D1A83A2D52C0AA7C705BE30245403659B0904A2D52C05D6AD104BD02454093CCC5EC592D52C0B8DF78FE97024540178C4C0C762D52C009EDB39C840245407830085D9C2D52C03E1680906A0245407F491C7EBA2D52C01A0426FA550245406B4D6142DB2D52C0322285683F02454066913E00FC2D52C04508031A290245406512A5F8222E52C05BBCE4CBFB01454017818A2C832E52C0B50F85B78B014540BD9477FACF2E52C00A7CDDE534014540A7CCA238D02E52C082AE731E0801454074849D83D02E52C01982B11AD20045405EBCC8C1D02E52C051DF5566A5004540355B8B93DD2E52C04D463DB779004540B92FC441ED2E52C0AA98BB4944004540E3CA76ADFB2E52C0003F282713004540F0A32EBD072F52C03392540EEAFF4440E63DE70A152F52C00F2E88B8BCFF44404D695898242F52C0720BCBB987FF44409DEE0356342F52C0B3867E1552FF4440D45CA6173C2F52C0F19FE1BD21FF444062F2231C432F52C0D304D3FFF5FE4440D053B0844B2F52C041803794C1FE4440693E5E35532F52C0CCB2D8A791FE4440564370E95A2F52C02E32FDA161FE44403D52F78B612F52C0ECAC704538FE4440B182CB53682F52C06A4039000EFE4440A1748C62732F52C07E03FE12C9FD444031D5A9CF7D2F52C0042F031188FD4440706B4A87842F52C0389546305EFD4440F97591A2932F52C0BFD656ED38FD44409A5D0C3CCC2F52C083D79CD6ACFC44407A88461E173052C00AE12D8DEEFB444016747B5A353052C089CFB77EA8FB4440B3BA4DFA943052C0115FFCB0F5FA4440A63F87CA2E3152C06C79E27ED1F944407EB13E30263152C01A66D721A2F94440FDD90B611E3152C0F3D38D2677F94440A8928215163152C05DA3C97A49F944408FE493A20C3152C06ADC5F7515F9444035CC95C6F43052C067D16093E4F84440CEBC5195DF3052C0173CAC28B9F84440F9AD06DBC63052C03F84FB7E86F84440508F9608B53052C061E990FA61F84440CE9CE9F0A63052C0F199D21A45F844401FC87168923052C0900291081BF84440968D0BE4823052C01C5FCA3CFBF7444038FA3A11713052C0F439EEEBD0F74440C2B32D2F603052C0BA989F12A9F74440C5E11F674F3052C0D5BCC6D480F744403A87F1FD433052C0C1C5A8B567F744405825A3C83B3052C04913C7C53EF7444002062A1F1D3052C08F22136311F744403B0BCC33193052C0CAC12320E7F64440C72AD24B153052C0C42DBACCBCF64440A1199647113052C0DDA216DA92F64440D71A9DD30B3052C03B2618B456F6444088FB0410093052C0B3085A0C38F64440B908C897063052C0BFE071121DF64440A4309C51023052C0F15E6276EEF54440DA31A3DDFC2F52C0D0B29024B2F54440A4309C51023052C0F1CF7DA483F54440FF9400CF073052C0DBE2921555F54440D11D7D18113052C05498C9402AF5444024D354AD1A3052C0CAB56510FDF444408F7210F6233052C05D6CDDABD2F444400CDFD4C02F3052C0B3750FC39CF444406ADEC6AB313052C0090A42DE93F444405A47B2BA3B3052C06968324265F44440884404E2413052C0AD4169EE48F444407752F24C473052C041CC5A0030F44440A6F8D4EA503052C0F964B42203F4444074E47CB9593052C0ECF73104DDF3444017C2C8C8633052C077DDB202AEF34440C9B615A46D3052C09600466481F34440908BF05E5C3052C05F09C8F628F344405DC1AA53553052C07503AF7904F344409462807B483052C043F337C3C1F2444045EA3E8F3E3052C0D1A6D3498FF244402B40C45A4A3052C0E164B2C058F24440986AA91E523052C0A825A4A734F24440
80,-72.7872804424,41.8214935531,North Bloomfield - Farmington 115kV transmission line,33406184,115000,line,0102000020E610000068000000F5A4FE98D13252C028080F8FFDDE444023F9BF49D43252C0CE40A9C111DF44403C6C79FDD43252C049CE4DBA6BDF4440F0507CC2D33252C008C90A2094DF444051CD7A43DA3252C0324C2456C3DF4440CD556C6AE03252C0BD256C77EBDF44407CF643DDE53252C0229B729D0EE0444078E48B6FEA3252C0035BBC7E31E04440C0C4390FF03252C0CFA42EB155E044403DE66428F53252C0B610BB9278E04440143787B9093352C0190F7F4287E044401FA96B4D1B3352C0289CBA5F94E04440F90B464C2B3352C0FF156441C7E04440410CAF62333352C0D4B5817AE1E04440914240C22D3352C0E77AD104FDE04440ADF048112A3352C002A512100EE1444019F59D36233352C09CFE1DE895E1444069B2B01A213352C0667DB9F1C6E1444067197728223352C0015D7CC118E2444055636742173352C0887D85D034E24440E08E4332093352C000B7744259E24440865F4CBAF93252C0AEA01D3B7EE2444078E48B6FEA3252C054928627A2E24440B7F46A24DB3252C01C683713C6E24440A8E070E7CC3252C0CCC38D35E9E2444085DB1729B83252C0508914D01BE34440EC9B41FCB73252C02E063AFB34E34440B8835BB0B83252C03B9B1CBE4AE3444081C95FBBBC3252C0A7626B4B7CE3444018F77D7AC13252C01970BE4DB2E34440FC48752BC53252C0B005060ED8E344403E7E316BD03252C0A869ED5C55E444405E5EAD9ECA3252C04F7E5E0B7FE44440B02D78F0C33252C0EF998204AFE44440049F58EBB93252C033589062F2E44440D7D379A8B13252C000CA56351FE54440C4148E0BA93252C0D303268E4CE544402ED38AAD973252C06F9865A885E544400877B5F78C3252C0EAC479BCB1E5444090F25E59883252C0A1294877CCE544400625879C8C3252C0FC878120F0E5444067FF7CE28F3252C0788A182613E64440F7E86F4F9B3252C037E2129E2FE64440C84A8F0AAF3252C050E9B7EC5EE64440DC00AC5EB33252C052D3D5F181E644405DE84220B93252C0988E8A27AFE644402B72650FBD3252C0E1367BDDCCE644402C2FE892C63252C05B3B67B0EDE64440DA71BBD2D53252C00DCE1D2623E744407A543BA2E23252C00572E31B4FE744405A379674A53252C0BB5C6F9581E8444071E644699C3252C011EF8CC3ABE84440B1EA4D46973252C0BA22E692C6E84440CDAEC8A5743252C073351BE075E94440496C34406A3252C0F1468283AAE944400231966A593252C0008572B9FAE94440F59BE2625A3252C0E8DB70A423EA4440BE3FDE325B3252C04AC1B6DD49EA4440A393295F5C3252C0D2C4A4D07FEA4440CB4D03485D3252C09AE8B141A8EA4440FF47752A5E3252C086850F97D1EA444038E643C35F3252C09FE411CAFFEA4440A71036F5603252C0C475F7D92AEB4440BEEAB5B6623252C046A4B95262EB44407DEBED07643252C0F2764D1689EB44401D1AC70A653252C076E52DC7A8EB4440D65493B3653252C04958F213D3EB44400F5C7CD5653252C08C9E40C301EC4440C20E0CB6663252C015C6E36030EC4440A445891E643252C0A648488155EC4440EA718383643252C0E4184FC97CEC4440A23CAD67663252C05021FCC0B1EC4440DBAA5C97673252C06AB38DFAE6EC44402AD81140643252C0F2D54F9911ED4440546DFCF15F3252C0EBD3ED403AED4440F846C7545B3252C0404220B769ED4440CD9F3E11573252C07D64C51C99ED444087DA0ABA573252C00DC9EDA9B8ED4440675DD4E74F3252C09A36DB83E8ED44404689815E153252C0360F565865EE44408C45D9FE163252C0746B30608BEE44407C551BE5193252C0BEB148CFBBEE44402361592C133252C02962DAE1EDEE44406083D6720C3252C01BAE39911BEF4440727C7043073252C09838F32241EF44407C86073E013252C08192A1C56DEF4440943C4BDCF13152C016E8FE9FA0EF44407F590940E53152C0C3F8654ABDEF4440DB879308D13152C0CE40AFE8DFEF44402F89D13EC83152C0A51DB80FFFEF4440A053920CC23152C08B6EDD5023F0444045363926BB3152C0679758304AF0444047700136A03152C0F5DA54B76AF0444077902F3F8D3152C0AA5A911C92F044400286240C6C3152C0D49A6D14D7F0444048DBB59E6C3152C0B08032A14EF144404EA121476D3152C0829926B27CF1444056876242633152C0E1C3EA5BC3F1444055DC8ABE5B3152C08B35EC88F9F14440A9DDC8F4523152C07EBEDBE034F244402701EE2DE93052C06A6D6B6439F24440C5D91729DB3052C0D5645FAE34F24440211552279D3052C09692CC2538F244409C235823833052C009A3DA2220F24440
81,-72.7693253189,41.9540069631,North Bloomfield - Southwick 115kV transmission line,17171746,115000,line,0102000020E61000006D0000002D62807A803052C0ACDF49CE16F244409014C65E5D3052C0E7220A8001F24440F88094A54B3052C0134F25333EF2444002221117473052C0FA3C290B57F244400848C8FF413052C04E2D048C8FF24440472033204B3052C0132604AFBCF24440A70839DD4E3052C00F3A711FD0F24440A86E4CD75B3052C0C3BFE3C812F3444063ACD9AA7D3052C0CCCEA44946F344403B4EB079753052C0A506912E85F34440B093433E693052C014085397AEF344405A41972E5F3052C09A9D4EC9DCF3444093AD0CBF553052C0F6F6018605F4444024E11EC04A3052C05418D0C038F44440F1FFEC86453052C0CDFE577958F44440DBDC278F3A3052C0F311F3BF83F44440AC9683C3313052C034F25270ABF444405F1901A92B3052C0EECB8367C8F444401E1F8796223052C02AD09C8BF2F4444047F2A0281F3052C08DBA061902F544405844F18F1A3052C0EEFD1EF516F54440EDB6D3D8193052C0F62B43631AF54440C89533E2173052C0BB321BD423F54440019BD5F6133052C0CF4CFCA936F54440EC20A1750C3052C06A9FADD156F54440DEB9C5C9093052C0E34A178370F5444033FDCD68033052C0C90AC563A6F54440C93A501A063052C0C086ADF8C5F54440BFB74712093052C0339DD148E4F544408EAA848A0B3052C02C8EF7281BF64440EA707B550F3052C0A13DE4C743F64440F4F376EF123052C0502F3BAA6BF64440FFC8A0E4163052C09489966896F644400F04F8AF1A3052C07B6D9FB8BFF644407CFC76FD1D3052C04DDA919EE3F644406D656F7A213052C08DA35B250EF7444062568AE3313052C088A6C6C925F74440B2F0CD53423052C0B4CC0CE13DF74440F271D658483052C01DCE33DB64F74440170553B3533052C052D86C267DF744403015C705623052C0EC033A439FF744407A702DC06E3052C0B59DBF7BBDF7444048A76E407E3052C0B603B736E2F74440715E4E08873052C0B1334A39F7F74440C5957361913052C09628D26E0CF84440805D96B6A13052C0B75F77E82DF84440FAD0D54EB43052C0F8FA0F0454F84440FC711E08CA3052C0C7ECCE8980F844408DFF534FE33052C083BB3D59B4F84440D837F803FC3052C0C44A3DFAE6F844406D007DE6103152C016FA0A0A0FF9444088401D10193152C0129E74F63BF944403D629CA1243152C0E427009F7BF944403F466F452A3152C0A9737CA89AF94440F98B5144333152C0AEE48D28CCF9444078365FCB323152C02D1C35C3E4F94440119FBFB7393152C0CD8C09A611FA44400221EB6F3F3152C0FD3FFCB736FA44408E0B8482453152C0241660135EFA444097A7B2574B3152C0260511E483FA44400A38C5F1523152C0C1F07028B5FA4440A310C8A2583152C0F8A17F0EDAFA4440B49471125F3152C0E8EA27C503FB444055D73C22663152C01C27E78931FB4440A254BF3C6C3152C04F4C501959FB4440E3374D21773152C013F875B373FB4440569833E4843152C02A7C874A94FB44408D818EC0933152C05DC41A9CB6FB4440AD67D2ADA03152C0FC4DF91FEFFB44405D33885BAA3152C06F14367319FC4440A7C7E935B53152C02A83CCCF29FC4440ECE5B947C23152C02D75C0CC3EFC4440868DDD0DDA3152C009A0343965FC4440F73FE5BDEE3152C0B1AD5B9C86FC4440C3097E9AF73152C0A516D92895FC4440E999F365113252C075DC2C7D9FFC44408F9647D8293252C05F2AF6FFA8FC44409CF3864B413252C0600C15FFB1FC44405DA55EDA5C3252C06E77EB94BCFC444033D0FD3A5C3252C03C9D4413E3FC44402430276F5B3252C021EF3F160DFD4440B21ACDEF5A3252C0CB080E5A3DFD4440B3D187B9513252C05F91E34D51FD4440DB5E56363D3252C0EABFDDC97FFD444001F5E68D333252C0F9B7363895FD444065CDBC101F3252C077838D00C3FD4440505716AA1F3252C0E489BFF1DDFD4440D7425562203252C0A77AB3D8FDFD44408C0E325A163252C0C2739E112BFE4440FB64B5DA0F3252C08CEB5DB747FE4440F43A7D45063252C06168646C6FFE4440EB30F3B8053252C01912C45099FE4440CE5084F3043252C0380A26CCC3FE44400962C3E91F3252C0D4943296E3FE4440954948FF3A3252C03379BDB402FF4440E6BF5CBA333252C0C393066A29FF4440B680402A2B3252C03CF0315F56FF4440429777F9223252C0C08C17F681FF4440CA6208A91A3252C0CAA53D36B1FF44403EBF7A2D133252C087E0DBE1DDFF4440AB6EA7D6133252C0A104CC9B11004540C24FAFD3153252C0C9FC71677C004540C3D1FC97163252C03D6910E1B500454029ABF965553252C0C3734FC152014540E548D279713252C0C4958AE198014540577692448D3252C0F51007E5B1014540000E67B6A83252C038EE1975CA014540181980FEC73252C00B1C02BEE601454000FA2E45D23252C06E1527FDEF014540
82,-72.9923538589,41.251676898,None,142411459,115000,line,0102000020E610000044000000F1853208D24052C09653939E619E44401655B111CD4052C05BD71BB0659E4440F5BC00F7BE4052C0C0C70DA3769E4440907AA33BB14052C0E8CB4C19879E444050F9A7A4A44052C04D8EA8B4959E4440336051E49B4052C0ED121690A09E444037826D44954052C0E0E52845A89E4440EFB8ABD28D4052C0CA306A36B19E4440B903FE79874052C04C45562EB99E4440F50125C17C4052C02528871BC69E44400A518875794052C0D99B471ECA9E444013907F07704052C002064536D59E44402FB5B2566B4052C0DD92C91BDB9E444027B2BD73644052C0196001ECE29E4440BBD9060B5D4052C02151D4F7EB9E4440763261F94E4052C0FF4C80FBFC9E44405C520C10414052C0FC7AB4FF0D9F4440785E0C243A4052C01285A084169F444021AE684F334052C0087B10741F9F44407F72257B2C4052C0015FF63C289F4440004D5FD9254052C0736F9436319F444025B517D51F4052C049DFD4123B9F44402C52F9BD194052C0D721E702459F4440E5110D4C134052C0CE6E6DD14D9F444017682FE60C4052C0EA4FCA48579F4440524D23F2FF3F52C0DE94BAD7699F44404B81E221F33F52C09CEA59A37D9F44406584067FEE3F52C038CC1BBE849F44406BFA9747EC3F52C019A48369889F44401331B4C9E93F52C00B7FBE4A8C9F4440F57E1D60E53F52C09D5D7636939F44407D184899D83F52C04882B465A79F4440FD30BE45CC3F52C00DD34CBFBA9F4440F5647D75BF3F52C0429497ABCE9F44406CA388FEB23F52C0E64A9C6FE29F4440C1F4AD82A63F52C0FA84613AF69F4440F014CF1D9A3F52C076F779EA09A0444041F93E908D3F52C000522DE41DA0444026B0CF1D813F52C0E7138F5731A04440503AA479743F52C0E2E95D4A45A04440E1AD39D6673F52C0CBECADEC58A0444005A9492E5B3F52C0D9C488BE6CA04440317EC4A94E3F52C04625267580A044400F7DF905423F52C0C0FAFF6D94A0444037E5BE6F353F52C04A5C5938A8A044405BE0CEC7283F52C0998075E7BBA04440605BAE2C1C3F52C03BA0E5EECFA04440513750FD0F3F52C03ED5E99DE3A04440E5CCF44B033F52C00DC2AB75F7A0444095E2C98DF63E52C0D219695A0BA14440E6C63900EA3E52C069480E031FA14440482F6050DD3E52C042A7F1CB32A144403E4898C9D03E52C0602A4EBB46A14440BB156856C43E52C04E4459575AA144405318C2B6B73E52C087AABF476EA14440DA8FDDFDAA3E52C06446581C82A1444068E8EBA39E3E52C0A969C80D96A144400F2BDEFD913E52C09A09B4B2A9A1444089AD076B853E52C0F06EA97EBDA144407186A7EA783E52C088B0CF3FD1A144402D916E066C3E52C004CACB8CE4A1444054D09C425F3E52C03B825CD6F8A144402F5646B55C3E52C06C92AF93FFA1444016DABDB8573E52C06702626907A244402B10EE31523E52C073377F8B0DA24440D2647E1D4E3E52C0BB263B1D16A24440DF3BFC8D4F3E52C06E2AEBCC1BA24440423A48D3563E52C00D0CE48A28A24440
83,-72.9640159356,41.2710218167,None,142411456,115000,line,0102000020E61000001E000000EA97B475503E52C0FAA66A5F30A244403A8EC2794C3E52C0758FC0B827A244409003318F4A3E52C0B9C0BB601BA244408031F44C453E52C08A6157BA21A24440A2AAB6E0373E52C014B51D1834A244404A56C3C3293E52C09203A27C45A244407AD8693E223E52C0C14F5AF94DA24440BAC33FE01A3E52C0EEB1DF1A56A2444042C67734133E52C08F92A5BE5DA24440F46669830B3E52C048DCC33A65A244404B138CAB033E52C0FE4247296CA244406B257BC3FB3D52C0E04C5C0773A244400BE9FF9DF33D52C0BC849C9179A244402CCBCF4CEB3D52C02C2B3CC17FA244405B124108DB3D52C085D447C58BA24440D80661B5CA3D52C06C76A0A597A244408B659509BA3D52C0DC33D5B3A3A2444002CBF0B2A93D52C0EDAD6DB4AFA2444000BC4C42993D52C0A42F1F98BBA24440634BC3B2883D52C0AAE873D2C7A24440D9B7A697783D52C017CB3B88D4A2444072C3DCAE693D52C0D9055756E3A244409E3184AE623D52C0874C2F73EBA244405E503DD75B3D52C08858E24EF4A244405B13C10A4F3D52C0A8A6DE8F07A34440F49EF06A433D52C0EF7452951CA34440FFBD2C86373D52C051F9399231A3444095F72D8B2B3D52C0DFE2799246A34440E50BBD661F3D52C0C9D85D655BA344405BBA5D46183D52C04EB4066E52A34440
84,-73.3463790162,41.390293399,115kV transmission line,140300408,115000,line,0102000020E61000003C0000002C59CBCDC25952C03AA765E710B24440FE6BDD98BA5952C01C42FD9510B24440CAC46601A15952C00FB8D4E10BB24440FD190F7E7D5952C0559139CE07B24440DA3FE7CC365952C04B399F5F0FB24440687C0E7B005952C03954C9DD10B2444096FEFA59C95852C0F3AE1E9DEBB1444072F9A19BB45852C0482033B105B2444017C86316A15852C0378AE9F51AB24440D1AFA122775852C050CE15C210B24440B2B1F7E94E5852C0EB9DD78205B24440A95619602E5852C027FAE5D7FCB144409B8E85C40D5852C07FFE06DFF4B1444076AE3519F15752C061BE3B50EBB14440064E5CC4DC5752C0BA657D1AE5B14440AA86F849B55752C0FBEC1001DAB144405F375BF9A45752C0F2762A0AD5B144409CF18AA6865752C004056024CCB14440A65351AC6A5752C0A225CF85C3B14440E4F45A8C435752C02930DED0B7B144400F2D1B69295752C01E565395B0B144404099A2A50A5752C0666FDD57A7B1444003861CA2EB5652C0BF9AB7B99DB14440C8D114EFDF5652C08BD8CA9699B144401A1B1E3EC35652C081F4917D9BB1444032326D9E9B5652C0F647006A9DB144406379EBC7845652C04FC81E919EB1444014B28F7D655652C0F069B86DA0B14440E15AF3C54E5652C044C32386A1B14440D7BF91E02F5652C008F038CBA2B144404D165687085652C0B5FC3DC5B4B144402439F38EEA5552C078B99437C1B144406BBF707AD25552C0CA75CA61CAB14440F21B1FE7B85552C059E2DBFED4B14440B154D83A9B5552C078B02F53E1B1444062AD37677E5552C02F9EDC35EDB144403F5A4BD66A5552C0AB42CB5EF5B14440DA2A599C4C5552C08B8978D001B24440CDDB360E2F5552C0D3411EE20EB244403F2E53BE0C5552C00E3827261DB24440F5EE26CEF35452C00DECA0B226B2444028D2F2E6C65452C0B56C4B7523B24440FC5581D49D5452C005B150A41EB24440F41EECDB875452C0A51252281CB244409B7F5F0D735452C0F8E5BF7719B24440B2F3D842615452C05F72040B17B244401A21F11D385452C01DE3BA7411B24440A811BF980D5452C0485A70360AB2444076B8E841EC5352C09EA58F340EB24440B151D6ECB45352C014F8E5D319B2444014FFCD349C5352C07F63A4171FB24440681F5A32725352C05FDAC4C827B2444027F13F0A5A5352C09016A31A2DB2444023F8003C315352C0E5DDE1D935B24440062475BC1F5352C06013F2F539B24440BB77AD96F95252C020EBF8F22BB244400F0147AFD45252C01941F64420B244406D18F2B7BB5252C0EF66750518B244402DAA61A29E5252C04FA8C9610EB24440F7B0AF418B5252C0CD4FAD5616B24440
85,-73.2287738854,41.3868749774,115kV transmission line,140300410,115000,line,0102000020E610000047000000F7B0AF418B5252C0CD4FAD5616B24440970258B8795252C0C86AC2252BB24440B2D870A95F5252C09F14466330B244405DABE788405252C09EAD3C6F31B24440D1353FD72E5252C06E0309D01AB24440B442B862085252C0DFCD1C9C0FB2444013D82F83E15152C0D49CB54806B24440FDEFF21CA95152C06D4D58A9FAB14440DA3A81AC905152C05CA432CFF4B1444077840DEE6E5152C0E4802FC8ECB14440108A7B4B4D5152C0700BA6D6E4B14440A043A221225152C0DCF625ECD9B14440E8C297D1095152C0FCD2CE21D4B14440D252FF88ED5052C0763471FCCDB1444026429F2DDC5052C0865692A1C9B14440A70F8996C25052C0DD2206C5C2B144402C1A09A8A85052C0B84B60C9BBB1444099B857418E5052C0F1BFA0C2B6B1444075AA2F3A755052C070076D3CB4B14440707C8366565052C0F060B813B4B144406FE96400345052C0EFE330F5B3B1444030CBBB38135052C078AB3EBEB2B1444054C9DF8DF14F52C0AE818E7CB1B144408071422FD64F52C09421C06DB0B144406B61F526B44F52C0C9454618AFB144407713B0E88D4F52C0B068A89AADB14440F0D856D2774F52C099A02737ADB14440ED4A799A514F52C0A432DE72ABB1444069F94D32304F52C0231A8845AAB14440696ABDE6154F52C000D9C1B8A9B1444007D4110DF04E52C0A75A876C90B1444081BBC7E8D94E52C06BEC8A5281B144401EBE4893B94E52C0CAD133336BB14440CFF4A53B964E52C07DA9915A51B144403828933E794E52C04262F4443DB1444081A000B3604E52C09277F7C02CB14440F494259E414E52C0849D799718B144400C707FBD234E52C08010130F05B14440B7EDC0B2124E52C0672B66C804B144401A6885940E4E52C0E5348CE601B1444093A396FC094E52C070268C8305B14440786FD918F14D52C0BAC7E61105B14440FB0CB186D04D52C03DAEBC2E05B1444078BDCC2BB34D52C061A65EF304B1444074C81B78924D52C0609C5F7A04B1444072CCE288714D52C00DFCB87503B144402C561C62514D52C0B07CCC2B16B1444015E43C0C314D52C041B44E4A28B144403599E772204D52C0AF698AD231B14440FAFEDFEAFD4C52C09257810145B144400AD2F68AE34C52C03C0651CB53B144403F84E3B8C84C52C0CAC4259E62B1444088AA2F40A94C52C002A88C5974B1444006B1FAEC9A4C52C0CFB6E4597CB14440D4678888774C52C0BB6CB80A90B144406CEDEF2E594C52C0ED0531FCA0B14440D88D85D5424C52C0E238537AACB144403AB92F59294C52C0C84E354CA9B14440F1790369104C52C0455ACD06A5B144405996F7CFFB4B52C07C17513DA2B144408F5FDD99D84B52C016FC6C429DB144403B463918C64B52C0710B2A1E92B144403DD770B1A74B52C072205BE17FB14440D1BAB540934B52C0AE72F23E65B144400E12A08C824B52C0A28D97BA42B14440C250196A6F4B52C09BE3453F18B144401153FD45614B52C068C69E10FBB044403773308D3F4B52C02F17B771D3B04440C0F882951F4B52C0F55260BEDEB044405C5C0294ED4A52C030BC0837E5B04440B5BCD8F6EA4A52C06EBED4D7EBB04440
86,-73.1382370136,41.3266230192,115kV transmission line,140829276,115000,line,0102000020E61000003E000000168EFFF3E94A52C06F00DB9FEBB0444047E895CCF84A52C01F9ED7FFAFB04440BEFC49A6FE4A52C03C2C001191B044404EBDA5E5094B52C02810F2E757B04440948EAF14FF4A52C064693E970EB044402DFA23FEF04A52C032EDF75DEDAF44409A516700D84A52C0497B24D9B2AF4440412591F3AC4A52C0C24EC5884DAF444091719463884A52C0EE0DFB68F7AE4440B4C299275B4A52C0C9AC0C9D8DAE4440E3CBCE94504A52C06B31587D74AE44404932C8B3324A52C0B57E319D2FAE4440E199AE821C4A52C00A06302DFBAD4440298B8D04074A52C08E72C673C8AD444091751BF5ED4952C05C7A6B5B8DAD4440167E54F9CF4952C0160F8A3347AD4440414BC0ADAC4952C05EE58530F4AC4440A166063F954952C04343322DBDAC44402E3B8013844952C0A2A8BECC94AC44400EA195596B4952C0BD0A7FF75AAC4440B054D01D584952C001C359E82DAC4440DA91D1283A4952C064E8F59EE7AB4440B15F46B4234952C0663B16BEB2AB444061C174290B4952C0911D34FC78AB44407A3ECA15F74852C0D4BF5C9A4BAB4440094A056BD94852C0B5AA922709AB4440956657C6AD4852C07CBB8FE7A4AA4440AAD1F4449E4852C0DE9FF65081AA4440F4F74D3A784852C0A8A942BD2BAA4440F9C50E0E604852C01435861AF5A944406E5C49A23D4852C0355BF33BB9A94440BE3AF15A1E4852C07181585B82A94440EABD4AE90A4852C0F1DDA87345A94440F8FEA264F84752C004A90C860AA94440720CDC70F74752C05C1F5E27C6A84440902CCE91F64752C09B7DEF8C76A84440B0F01C69F64752C0F7DD2E2744A8444063E32FA5F54752C0CBF7871302A84440E5D15B10F54752C0DA232302C4A74440E12DFF59F44752C03B0B489C77A744403B77E98EF34752C09891507738A744403396F62FF34752C04125776FEFA644401F90F28DF24752C0B7112ACAC1A64440B2E0C5E4F14752C072DAEF557BA64440EA656142F14752C0E4FD044735A644404DDEEB84E24752C049D308C703A64440567452A0D54752C0FE05C6A0D8A54440E07D2C0CC14752C071420BD693A54440EAEE8914BC4752C0DA7EA4EC48A54440472CB84DB84752C080F7E6DF0FA5444005B23784B24752C086C3F8B9B9A44440C4194351AE4752C06D422EED79A4444078E512DBAA4752C01BE696A146A444408693068CA54752C024A9D5D2F6A34440C979A86D9B4752C0901BF68BB5A34440BF2D5478984752C05513D09F8AA34440F4FE3B9B924752C062F2B13C32A34440ACB7BA7F924752C0AA881643E2A244406DD37987934752C0F4ADCF19B1A24440B35FB2BE944752C01CC9BD0E75A24440BFE401D4954752C0DC7C856B3DA24440F85946AD904752C0E8812AED39A24440
87,-73.1538874686,41.4193622182,115kV transmission line,140829249,115000,line,0102000020E61000002A0000002D0358C8C34852C0AEE60CD169BA4440663512B7CE4852C042C201043BBA444001E28319DC4852C0D52EC08202BA44409B5179AFDC4852C0F7D5702EB9B9444027CC7C6BDD4852C07E0A0CA469B944406C6ED4E0F54852C093681DA320B94440F6887FEE024952C0739316F0F9B84440B1102C560E4952C0A353F504D8B844405AD6E5911F4952C095245181A4B84440C759747E2E4952C02EDD75F778B844408729CDE4414952C0A20FCF663FB84440749064784E4952C0590A42A707B84440653B1AF05A4952C096BBD090D0B744403C3A1B94684952C0539CFBE794B7444090412184724952C0CF324E926AB744404AB969F97F4952C0A884F1CF2DB74440768682DB924952C029F76047DBB64440880C73589D4952C0FBC0EBB3ACB6444078B728D0A94952C0FB812F427CB64440651EC063B64952C0B2B346FC4AB64440105DF81AC44952C0633F0A5E15B644407DD02215D54952C07F9D82D3D2B54440091F8814E44952C0F6B39E0998B54440428F71E3EF4952C091703ED769B5444055E001C9FD4952C04F83B69C33B5444054FDB5B00E4A52C0D6F76CE5F0B444403A15FF2D204A52C0FFCD46619AB44440FFB699142A4A52C0D8DC975169B44440199066C2374A52C005F4DF1C25B44440E83F19504A4A52C0FB48D44BCAB34440DDE59A07544A52C0C20866AB99B34440AADA111F614A52C0F2AAAC0859B344400A0094A8714A52C03A0AFE0107B344406F89FCFA7D4A52C067F1CD36E1B24440CC8A28858A4A52C0E5140798BAB2444007A1A8A9A14A52C0596D07F773B244404C014324B14A52C0A28389EB43B24440B4CEC95ABD4A52C080DB7ACB02B2444029EAF801CA4A52C0312DBA79C1B144404A6BBDEED94A52C02F1A9A506BB144408F491713E24A52C01ED535B841B14440FDB5B9D1F24A52C0D63C246AEBB04440
88,-73.1139467694,41.4978700151,115kV transmission line,140829269,115000,line,0102000020E610000032000000DEA922DC874552C0BC31D69ED6C44440F0B153AF994552C0813F6751A5C444405DC786E4AD4552C0416D972760C444409EBA6B4DBD4552C058DA8A9B35C44440319F1D8CCC4552C04F9FD0B60BC44440FBC8E7CCDC4552C0734A8C55DFC344402941E5A0F04552C0EF5CF6CCA7C34440B4866EE9014652C0A9ACBB1678C3444085BFF676154652C05A7590AF42C344409E2CA20C334652C092C8C77AF0C244404BBD081F414652C029282146C7C24440E9C484934C4652C05D451C7BA4C24440B6326DB85C4652C011B34D2B72C24440374A1675694652C0B2EA3C9E4DC24440540E4B70764652C00D45BCA726C24440EDAA4B728C4652C00538C89DE4C14440AB8F49F9994652C0163D8BABB8C1444068A4597BAE4652C00C49ED9678C14440555443B3BD4652C06FC3FE5948C14440ECD3825FC94652C0FAD9FBF421C1444063BA516FD94652C0BF6E238D0AC14440AD5234F6F24652C0E7A8C2E3E4C0444043CD2506094752C00B097FE8C4C044407362E42F274752C0653F1F4D98C04440B0FE3F33474752C0DE98924650C04440232E3A9D6D4752C09A043654F9BF4440C61D243E804752C0B880A962CFBF4440009B77DE914752C075AB8363A8BF4440D8D02C95994752C0D3EBC0A586BF44401347F8F9AA4752C0CF840E093ABF4440324BB050B64752C0C25EC98408BF4440B7C1FEA7C24752C090615870D2BE44407412046BCD4752C0B6AF5200A3BE4440A73ECF55D94752C04ED3126B6EBE444025044AB7E54752C07BCD939F38BE444031D42510F44752C0D33DCFA2F9BD444014B12C60034852C0A34365F3B6BD44404C33C12E114852C0734D57FB79BD4440197F9A61214852C09E8C25C433BD4440976D9F82344852C010A49481DFBC4440BD2472DC434852C05DC91E009CBC44403D75094B554852C0C8E3101D50BC44409E7AD05D634852C06813F56212BC44409A2347F8734852C0371A73EAC9BB4440A1EF87C8804852C0A7E6CBCD90BB4440A5F01BC2904852C070F521AE4ABB44404B821B0CA04852C0FCB45D0607BB44409D8E55BCAC4852C0A7DA5A2FCFBA4440A0B639D6B84852C0B8C4C6229BBA44402D0358C8C34852C0AEE60CD169BA4440
89,-73.0846256753,41.5503586525,115kV transmission line,140829176,115000,line,0102000020E610000010000000DEA922DC874552C0BC31D69ED6C44440ABAD765A7C4552C0A1D534E008C544405D8CA4F76E4552C05A22097537C54440EFC892AF614552C094588E9B64C544404A17D8EE4F4552C01FD5675AA1C5444021874847434552C040887732CDC5444089920BCC494552C05C99EFC6FFC54440D76A8B8A544552C03C85B49453C64440B8535B44604552C0C09E7CD988C64440F35ED280684552C0886E29E9AFC6444023D7DCC2754552C03047CA95ECC64440B7422A627B4552C048B572BB4CC7444036EF7EF67E4552C0E392FB4C8BC7444042042C47814552C06BABA9B5B1C744402142247D854552C0EEC78C9400C844407ED8FBDE884552C022C620101AC84440
90,-73.1538874686,41.4193622182,115kV transmission line,140829249,115000,line,0102000020E61000002A0000002D0358C8C34852C0AEE60CD169BA4440663512B7CE4852C042C201043BBA444001E28319DC4852C0D52EC08202BA44409B5179AFDC4852C0F7D5702EB9B9444027CC7C6BDD4852C07E0A0CA469B944406C6ED4E0F54852C093681DA320B94440F6887FEE024952C0739316F0F9B84440B1102C560E4952C0A353F504D8B844405AD6E5911F4952C095245181A4B84440C759747E2E4952C02EDD75F778B844408729CDE4414952C0A20FCF663FB84440749064784E4952C0590A42A707B84440653B1AF05A4952C096BBD090D0B744403C3A1B94684952C0539CFBE794B7444090412184724952C0CF324E926AB744404AB969F97F4952C0A884F1CF2DB74440768682DB924952C029F76047DBB64440880C73589D4952C0FBC0EBB3ACB6444078B728D0A94952C0FB812F427CB64440651EC063B64952C0B2B346FC4AB64440105DF81AC44952C0633F0A5E15B644407DD02215D54952C07F9D82D3D2B54440091F8814E44952C0F6B39E0998B54440428F71E3EF4952C091703ED769B5444055E001C9FD4952C04F83B69C33B5444054FDB5B00E4A52C0D6F76CE5F0B444403A15FF2D204A52C0FFCD46619AB44440FFB699142A4A52C0D8DC975169B44440199066C2374A52C005F4DF1C25B44440E83F19504A4A52C0FB48D44BCAB34440DDE59A07544A52C0C20866AB99B34440AADA111F614A52C0F2AAAC0859B344400A0094A8714A52C03A0AFE0107B344406F89FCFA7D4A52C067F1CD36E1B24440CC8A28858A4A52C0E5140798BAB2444007A1A8A9A14A52C0596D07F773B244404C014324B14A52C0A28389EB43B24440B4CEC95ABD4A52C080DB7ACB02B2444029EAF801CA4A52C0312DBA79C1B144404A6BBDEED94A52C02F1A9A506BB144408F491713E24A52C01ED535B841B14440FDB5B9D1F24A52C0D63C246AEBB04440
91,-73.1263741081,41.4541176909,115kV transmission line,140829174,115000,line,0102000020E61000000A0000008A659BDE654752C0CE3B8F7FE2B94440ED5637EE964752C094E7BACCEFB944400C7616BBDE4752C0996B34F40ABA4440A5E6856EFC4752C09370243916BA444010637243184852C00013088E20BA44407C1CDBE4404852C068D0C00E30BA4440B444EC2C674852C07C1717BB3EBA4440FDF2EDF1974852C089DD030951BA44406AFC3DE1BC4852C0DFB4E7D75EBA44402D0358C8C34852C0AEE60CD169BA4440
92,-73.1251793455,41.4540473605,115kV transmission line,140829175,115000,line,0102000020E61000000B0000001197787E414752C09784CD31D5B944408A659BDE654752C0CE3B8F7FE2B944405A6F7E20964752C075867841F5B944401EFACC98DE4752C0D7A9BFA810BA44407F4398B3F94752C07E28AAE31ABA444033007E68154852C03A236B3725BA44404FCA6DAF3B4852C03479EA2D33BA4440A4624BF8634852C0F459E3C642BA444058D51119964852C097BD97E855BA44404319CDCABB4852C07276792464BA44402D0358C8C34852C0AEE60CD169BA4440
93,-73.0842101342,41.4593342437,115kV transmission line,140829230,115000,line,0102000020E61000002B000000A883177EA04352C07299AF5AC2BC4440F2BEC2C1AA4352C041E7DF1FAFBC4440AEBCD9A7C74352C077BC523A74BC4440DF468FE9D64352C0887EB7B954BC4440D28844B4D74352C006ED7F1453BC4440AB491678E44352C04B85AE9238BC4440F4223CDCE94352C011D66C5F2DBC44401D19D20F0A4452C01574FD5CEEBB4440CF454D1B2B4452C039206680D9BB44409314F36D4A4452C00C7F8ED9C6BB44403001F5994F4452C019B9F4D3C3BB4440649A5BBA684452C0DD460C26B5BB4440DB8331596A4452C04AB13C33B4BB44404B7E04226B4452C069CAC8BDB3BB4440DA8C00A26E4452C050F011B0B1BB44407FC850E46E4452C0BC7A1B89B1BB444093DFDFC3C04452C09D408E8081BB44402033331F024552C0B628E5275BBB4440594BEDE2234552C007431C0847BB4440F104A2CC4A4552C0ACAAA26530BB4440BC4251AC674552C05BD900B220BB4440C3D7DD697A4552C0E880FD0AFDBA4440AB51B9348A4552C04828D0FEDEBA4440E8FE451A8F4552C015BE0450D6BA4440500374F59B4552C0A9910284BFBA4440437174AAC44552C0B7973A5974BA4440B26B3A05CC4552C0F6ED5A8949BA4440A7D145CFD04552C00139CEB82CBA4440BF0B0463D34552C09E37736C1EBA4440CDABDA2ED44552C0698A2F011ABA4440348E0686DA4552C0890ABCD4F6B94440CF8190EDDF4552C007DBD75ED6B94440077908AFE84552C0177635929EB94440D9DF8274EB4552C0077AA42384B94440F7B869FEEB4552C0EE41E4907EB944406A64E972004652C058933D8181B9444044FB63871F4652C05D80FE1286B944408296FF08524652C062A635668DB944400F592839AB4652C0364D731A9AB94440B543DE19BB4652C083F0D0699CB944409B98A363D94652C0C67981F5A7B9444081DAF0BD0E4752C000CD9721BCB944401197787E414752C09784CD31D5B94440
94,-73.1538874686,41.4193622182,115kV transmission line,140829249,115000,line,0102000020E61000002A0000002D0358C8C34852C0AEE60CD169BA4440663512B7CE4852C042C201043BBA444001E28319DC4852C0D52EC08202BA44409B5179AFDC4852C0F7D5702EB9B9444027CC7C6BDD4852C07E0A0CA469B944406C6ED4E0F54852C093681DA320B94440F6887FEE024952C0739316F0F9B84440B1102C560E4952C0A353F504D8B844405AD6E5911F4952C095245181A4B84440C759747E2E4952C02EDD75F778B844408729CDE4414952C0A20FCF663FB84440749064784E4952C0590A42A707B84440653B1AF05A4952C096BBD090D0B744403C3A1B94684952C0539CFBE794B7444090412184724952C0CF324E926AB744404AB969F97F4952C0A884F1CF2DB74440768682DB924952C029F76047DBB64440880C73589D4952C0FBC0EBB3ACB6444078B728D0A94952C0FB812F427CB64440651EC063B64952C0B2B346FC4AB64440105DF81AC44952C0633F0A5E15B644407DD02215D54952C07F9D82D3D2B54440091F8814E44952C0F6B39E0998B54440428F71E3EF4952C091703ED769B5444055E001C9FD4952C04F83B69C33B5444054FDB5B00E4A52C0D6F76CE5F0B444403A15FF2D204A52C0FFCD46619AB44440FFB699142A4A52C0D8DC975169B44440199066C2374A52C005F4DF1C25B44440E83F19504A4A52C0FB48D44BCAB34440DDE59A07544A52C0C20866AB99B34440AADA111F614A52C0F2AAAC0859B344400A0094A8714A52C03A0AFE0107B344406F89FCFA7D4A52C067F1CD36E1B24440CC8A28858A4A52C0E5140798BAB2444007A1A8A9A14A52C0596D07F773B244404C014324B14A52C0A28389EB43B24440B4CEC95ABD4A52C080DB7ACB02B2444029EAF801CA4A52C0312DBA79C1B144404A6BBDEED94A52C02F1A9A506BB144408F491713E24A52C01ED535B841B14440FDB5B9D1F24A52C0D63C246AEBB04440
95,-73.1263741081,41.4541176909,115kV transmission line,140829174,115000,line,0102000020E61000000A0000008A659BDE654752C0CE3B8F7FE2B94440ED5637EE964752C094E7BACCEFB944400C7616BBDE4752C0996B34F40ABA4440A5E6856EFC4752C09370243916BA444010637243184852C00013088E20BA44407C1CDBE4404852C068D0C00E30BA4440B444EC2C674852C07C1717BB3EBA4440FDF2EDF1974852C089DD030951BA44406AFC3DE1BC4852C0DFB4E7D75EBA44402D0358C8C34852C0AEE60CD169BA4440
96,-73.1251793455,41.4540473605,115kV transmission line,140829175,115000,line,0102000020E61000000B0000001197787E414752C09784CD31D5B944408A659BDE654752C0CE3B8F7FE2B944405A6F7E20964752C075867841F5B944401EFACC98DE4752C0D7A9BFA810BA44407F4398B3F94752C07E28AAE31ABA444033007E68154852C03A236B3725BA44404FCA6DAF3B4852C03479EA2D33BA4440A4624BF8634852C0F459E3C642BA444058D51119964852C097BD97E855BA44404319CDCABB4852C07276792464BA44402D0358C8C34852C0AEE60CD169BA4440
97,-73.0910266226,41.4482918684,115kV transmission line,140829201,115000,line,0102000020E6100000150000001197787E414752C09784CD31D5B944403B855F2B0E4752C07ED7E29AC1B944409F830BB1D84652C0C5124454ADB94440A6D326B7BA4652C0E41CD3E4A1B944402D24F2DDB14652C0FD429074A0B944405F870A12524652C00A20D9D092B944403E35F8DE1E4652C09C02827C8BB944408B51CF77004652C02F476F4387B94440D9DF8274EB4552C0077AA42384B94440371061B8D44552C05B19EE8E80B94440D690AE7AA64552C0E86316E968B944409F3C0CE4874552C0347D422059B94440C3850F4F3D4552C00C27EDB632B94440CF6DB1332A4552C0D7D61BC928B94440001020931E4552C0C3518CBE22B94440455921B2F94452C0FA852E980FB94440BA0C102EE84452C08268B38B06B944400B4A8909A64452C02D000F71E5B844401EBD6E45844452C05F349C5BD6B8444057778416734452C0F0FBA1A0CBB8444044EF3F1E6B4452C0B81DC665CCB84440
98,-73.130328987,41.295581677,115kV transmission line,140829306,115000,line,0102000020E610000064000000EF0977F0D54652C0BC52396AD49A4440A4E5B7DAC94652C0ED701A8AE59A44405374F1BBC64652C04841D9661E9B444061E26111C34652C0665654705B9B4440BE5DCC98B94652C0D014E6C79C9B4440ED9B619DAB4652C0E2B87976D79B4440BECCF43F9B4652C041BF7B521A9C4440622800F99D4652C0C13295362D9C44401D2E6C0AA24652C061195A55509C4440D87C2AC0A84652C08D5D6AD08B9C44409991541EB04652C076B57BE0C99C44401587E17AC34652C026949739149D444068BEF965D44652C061AF714D579D444021BF0A6DE94652C061FCB9305F9D44404C141FF11C4752C00AE236D4729D4440FA5CBAEA3E4752C081C8996E7F9D44407838548A624752C07D51BCB0859D444023FC8DC2984752C0DA39B40E909D4440558F124DAC4752C0245E3BA1A49D44402C00FDC2BC4752C0C54EFF13D79D444047A763FAC54752C0953C7C0C0C9E44404742D78BCF4752C080E88C2F449E44404EDCB1E5D74752C07678C1C7759E44403239BFECE34752C07CB55CD3C89E44405FDB1370E54752C08BD0D3880E9F44400D510DA8E64752C05AA1A702489F44401360D862E34752C0FD7ED8B9819F44400D2F0B24E04752C0B853720CBC9F4440877CC78BDD4752C0B940F7BCEC9F44403F45AA62DB4752C01CD3258B15A0444011E6DFC9C94752C0C807017B53A04440A5A2D438B94752C0FBBC96988DA0444043AB1D9DAB4752C037F4AAB5BCA044406A2E50E1AB4752C07E48DE3603A1444092B18225AC4752C0BBD4B9B742A144407CD70FD2A34752C05151298A80A144405479E6A09B4752C0EC116BEBBDA1444084E6E7FA994752C0E900DCB00CA24440F619B6E3984752C0B54FC1643FA2444005A15974974752C07923A34885A2444067948F63964752C030DF2F10B4A244406A786F75954752C087657328E6A24440395279B2954752C0E69E14E231A344400A1056939B4752C03C2AC0128CA344400A823F659E4752C0072C93D9B4A344403958416CA84752C084BA2FEFF5A34440101C0D51AD4752C0D417A0343FA44440C9FF6970B14752C041D3E5677DA44440BAC8A0BFB54752C0D93A9F70BEA44440C4D47159BA4752C045E235B604A544405AD270AFBE4752C00AC6427743A5444013462B0AC44752C0EFD4B09F93A54440DB9DC038D74752C0FDD7D614D3A5444005C789D2E24752C0CB835360FAA54440F3881E0AF44752C056A2D1BF33A64440B59D55D6F44752C0E56F27F676A644407E18BA78F54752C094505775B7A64440FB298E0DF64752C0604773FEE8A64440E4684187F64752C02B77354536A74440B494791FF74752C031CA8F3474A744409552780CF84752C0067D75B3C3A744407D912B86F84752C0E1A4595501A84440EB40582FF94752C09BCFDC0641A8444041CFF97FF94752C02CF3C38F76A8444032EF9F58FA4752C0EF1DE0C1C6A84440A9A1CE52FB4752C0C9C2364E09A94440056C46CA0D4852C05383B95B43A944402BD331D6204852C00BA620DE7FA9444066C4A8E73F4852C0B18B932FB6A94440A5A2CE53624852C04DF0F788F2A94440ABD70FD17A4852C0D90F039129AA4440817505B3A04852C009F911C97EAA44400F1D2149B04852C03A980C74A2AA4440D1AD7DDFDB4852C0D86A49A006AB44408663DB58F74852C09D7F423144AB4440C6D800180E4952C059F7C98677AB44402E8171CD284952C099D3CE5CB6AB4440E122DD393E4952C0A8E8F203E9AB44409234DEFC584952C0D3E520BB27AC44407B39D6D46D4952C030D3653D58AC4440A46B6149844952C05466ACFE8CAC44401D1DD0C1974952C0C34E68BABAAC4440DDC5D807AF4952C0A9EA5DC7F1AC4440CC5D1690D24952C09E1DC08C44AD4440EA0758CEEF4952C0F26BA23D89AD4440FEA13A58004A52C01620E5B5AFAD4440C4609694144A52C0A5DAA8B2DFAD4440582E5CA5254A52C0B6BFC8E807AE4440A67AFFD43D4A52C0B597B94940AE4440965B9C6F5D4A52C088944CD38AAE4440337B71C18A4A52C054E275C3F4AE44405D1FF3759D4A52C0F879C95E21AF44402395FC0DAF4A52C0130A6E0B4BAF44402AC97D09DA4A52C018DF5DB9AEAF44406EA9045FF34A52C06136DF11EBAF4440578CFAB2014B52C0D9545BE80CB04440C1F2BADB0C4B52C0C5B0523058B044406FE8C738044B52C0EB6CC2AD86B0444012208A60FC4A52C09467AA6EB0B04440AF6FDE5BED4A52C06BE19A3EEBB04440
99,-73.4189009645,41.3916153723,115kV transmission line,140300406,115000,line,0102000020E6100000110000009D7615F7DB5B52C0741BF4EB6FB24440497BF24CC15B52C0F8818ADD65B24440A5EE4D0DA15B52C060B812C858B244402D19A3717C5B52C034046BDC4BB24440A1644454535B52C05D8B8CC63AB24440B5901EF9325B52C0543323AA2CB24440C9D52BD9145B52C00B6394941FB2444072E48A8BF25A52C037AB86330FB24440356F7FA8CE5A52C06D93FDBDFDB144403ED2129E995A52C0A49D3786FFB144402F7F62F5735A52C0FFDBD93A03B244406124E551535A52C058FBFF0506B244402A92066D3A5A52C0DE960A4509B244400DB11D8A1C5A52C0C7CE66FC0BB24440B322B52FF35952C0860D66970DB244405BA83EE2CF5952C0A982044C0BB2444065FE2E10BE5952C05E40D1480DB24440
100,-72.6956306697,41.5497427725,Dooley - Westside 115kV transmission line,140383661,115000,line,0102000020E610000060000000DC5F0BA2732A52C0D2DBBAF010C844409D36F9B1802A52C03F37D13418C844403F998CA6832A52C0FAB358B340C84440E668D5AC862A52C0B9B1A21F69C84440E58F185F892A52C001C569888FC8444060E2CF90B22A52C0D8609C86B1C844402C9C047BBD2A52C0B8F7D5A9D4C8444027569F89B92A52C08CA3461BF8C84440027C0A2AB62A52C0CD2196BC19C944403200F8B1B22A52C02FE37F943AC94440494E9BE4C12A52C0AC25FD4768C9444011AAB1BFE32A52C0381B403663C94440CFA28777042B52C033D4EA4F5EC9444031556D1B1E2B52C06C00DF795AC94440A5A98A742F2B52C0E6781AD088C94440030D3CDE402B52C0DCDD0B52B7C94440D2603146612B52C096712185B2C9444033BEE1FF882B52C019B84BA2ACC9444021E435B6A92B52C01BCDF8C8A7C9444037144BA3C72B52C0678C305AA3C944403E9BBA7BE02B52C0A3EFA2AB9FC9444067E8BF38FD2B52C0FB6F62699BC944409618E5852B2C52C0B9DCCC8C94C94440CCB392B3482C52C019BF313A90C944401C59F9E75A2C52C0CDA7DA8894C944403E07D6AE792C52C04F18DBCE9BC944409396E4AE9D2C52C037CC3A52A4C94440F2995746AE2C52C053B95A3FA8C9444081CED6F6C62C52C0026E07BFA4C94440A018DA62E32C52C0633E19B9A0C9444030122454F32C52C0F757EE9D88C94440D45AC48B062D52C0ED8287906BC944409BA43CD51F2D52C04172EED867C94440E7AE082E3C2D52C00749E4AE63C944406825303B5C2D52C0F6D29AF95EC944402193CF09852D52C0143A16FB58C94440C2340CFCA52D52C01007F82354C9444067FDB2EAB52D52C065EAAF5047C94440961C0796C22D52C00F678D383BC94440B9AE09D3B02D52C0F10615710DC944403FA4D755A32D52C0BC74AFABEAC8444084EC0B85972D52C03C652937CCC84440A34A47628A2D52C06468075CAAC844407289EA7B7A2D52C0A435295F81C8444040AF4DEC6E2D52C0CAB0649363C844405939F3CD6D2D52C0F1E9625F3EC84440337891A96C2D52C0DC0FB67118C84440F5A3B4A36B2D52C06C679374F6C744400E27D2496A2D52C0EAB2B88BC9C74440974B0C22692D52C0EB71831DA3C74440EBF721DC672D52C0F2838CDA78C7444057BE3AB3662D52C02AA8914952C744409E534FA1652D52C03B0E5CB32EC74440ED70A057642D52C0735BF9EC03C74440CD156C09632D52C078E2517ED8C6444082F3E692612D52C007F712E1A7C64440F9B5797F602D52C0FD47EF2D84C644404D1061DE5E2D52C07CDF5DF44DC6444044A6987F5D2D52C01871596720C64440EB6C123D5C2D52C068EF6F8CF6C54440A29CBB215B2D52C0114414B6D1C54440033EC3B5592D52C0116EFE7DA2C544405F721538582D52C0E9ED9AF270C54440457D0EC0562D52C04689411140C54440EE65976F552D52C09E50F46814C54440C6598F2B542D52C0AE442E46EAC44440A79794CF512D52C0A4195EE09BC44440D4C7FF80502D52C053B29B6F70C444409A30B9234F2D52C0ADEC370E43C44440E2BE45D64D2D52C0849653BA17C44440E420D8234C2D52C0AA8E7850DFC34440C65EDDC7492D52C069526C72B8C34440A79CE26B472D52C0B78E77B872C3444079FA8DE8452D52C0804C5C1D3DC34440959FBA80442D52C00DBA00150BC344402A129DC9432D52C092A4F5E7E6C24440E176B3B3382D52C0B242688DE0C24440AD497B19092D52C0E23EEDADC3C24440CEE0B116FA2C52C0ADD205CE91C244408CCBBDBBEA2C52C0035D84395DC24440E06CBD1FE12C52C096B29DAE38C244403FE4B368C22C52C08F2BD43813C2444026708097A42C52C0E2D9FE2FECC14440927C37567E2C52C06EF87726F3C144409D2195B44B2C52C00FD57A59FBC14440A1B09F1C1C2C52C0CE739C2803C24440BD22F98EF22B52C0F22358140AC24440EE8C462CC92B52C08038584EE8C14440C5342B19A42B52C0C543B5E4C9C14440E78777EA7A2B52C0F8208839A8C144407FAB59B1572B52C06CD57D3A8BC144401A1F30342A2B52C01A03C7E565C14440A923E34D0C2B52C0965426FC6DC144408CBA9E880A2B52C087BECC176EC144405CB6B7B70A2B52C0CB38755F71C144401E829CDF082B52C0757B928371C14440
101,-73.2644517662,41.4765423498,Shepaug - Bates Rock 115kV transmission line,17201914,115000,line,0102000020E61000003400000091A62076D15252C04F17973473B94440AE3BF689CB5252C01555629D75B94440BF9D9D75CB5252C0323B9710A0B94440B4CABA8DCB5252C0ECB1C83CDFB944403233FEABC85252C0433068871FBA4440B5318E09C65252C0ED00EF1555BA4440688DBBCEC35252C0C8EFBCFE85BA44407F5423E19F5252C0F708F596A6BA444023086B13865252C028B977FFBDBA44408698AE735C5252C0ACB3A2C2E3BA4440B8C606D03C5252C01DE0E07600BB4440203D714F165252C00F0A376523BB4440D5111D90105252C0BB1B447E64BB444096D2DEF30C5252C09EC2F7618DBB44400048965FF25152C00CA35F3FADBB4440BCFA73D4CB5152C07D80B174DBBB4440FA56ACBCB05152C0F44BE7EFFBBB444029BD5ED1855152C068F9F1622FBC4440473E5CB46C5152C08455267D4DBC4440BEA17DBE515152C0CE1CB2CE6DBC4440542E60323A5152C0A262E0098ABC444070EFD302265152C0B6A84E57B1BC4440F06000461A5152C00D563131C8BC4440400D4FF6EF5052C0F9041A941ABD4440866C6F53E25052C067265C1F35BD444094843D0FC95052C01C909B5066BD444034AF9565BB5052C06DCDBCE980BD444090847605A05052C00E78545689BD444092634EDF795052C063EFFE1395BD4440331FDECE4D5052C03A9CD4A2A2BD444056F6A495365052C0A88BD57BA0BD44407A66B2BC175052C098B22EA09DBD444083568FF0F84F52C053A5A8C59ABD4440FD8C5F2AF84F52C01F2E8129D3BD4440FC0A1266F74F52C069CE41E90ABE4440E9261DB6F64F52C01B3ACCC83CBE4440B127962DD74F52C01A9F88034FBE444059546949B34F52C0368C303565BE44402572BDF2904F52C086AE9A817ABE44407E9EF33F7F4F52C0ADB7383287BE444077F6FB007D4F52C0F4C33B3CB6BE444058F47D497C4F52C0A496BBD7CCBE4440E28319B87D4F52C01A88DB4F02BF4440814009E97B4F52C07E4AC9B43FBF44400FC4E85B7A4F52C03C80123475BF444028470602794F52C0ACF1FEFDACBF4440332F9B786C4F52C05C71A13EE5BF44407DD42D355C4F52C0ABD118372EC04440FEECA3E14F4F52C061EF9D8365C04440F5C6325D254F52C0D79E229A5DC044406194D36F244F52C030D751F064C0444070FD0297244F52C09F3B664D6AC04440
102,-72.7760051476,41.7253931028,Farmington - Newington - East New Britain 115kV transmission line,58265262,115000,line,0102000020E610000027000000678A39AFD13252C08E745FBAECDE4440BF63811FD23252C0B1B44E38DCDE44408BE34D3ABB3252C06B9C7694D2DE4440B6D63C1FAD3252C02BA0BE9CCCDE4440F397F4078F3252C068DCBC55BFDE4440BB22BD9C8D3252C0C17B7CB5BEDE444061E12793753252C0EB07EA7AB4DE4440C51B76876C3252C0A2915ED4A9DE44406FEBD869623252C05BC30DEB9DDE4440594B21B8453252C0EDEA882079DE4440CAC80E352E3252C0C48294F05BDE4440EEC31E8D213252C03406E8FC4CDE44400B60894A153252C01565AC213CDE4440256C7CF0143252C0E18F4BFE1FDE444012BF2EE5143252C0026EC87AFEDD44403819CAFB143252C0AFCC6911AADD44403021EB6E163252C0477C850179DD4440577B8685163252C0FDB8FA664CDD444080E7D909123252C0D93CFD3120DD4440507AE51D0D3252C037C44E60F4DC4440703AA6DA043252C08EB7AEF4D4DC4440D489A65DEF3152C07514EF7894DC4440B57C1250E63152C0CA9924E87DDC4440C675AC20E13152C04BF8EAB051DC4440C6B8360BD13152C0D1D05B0AC5DB4440EF8662419B3152C0860FDC41D0DB4440554FE13F823152C0E861D19ED6DB4440D15425615D3152C0A0E4B1C1DEDB4440A52AD53B3B3152C0BEFDF12AE6DB4440EA7EDF42253152C006E72780EADB4440FDCCBB6B0B3152C0AA8BE8A9F0DB4440EFA6239DF43052C0D79C73E7DDDB44406CC7E106D63052C076FFB844C7DB4440007238E4BC3052C0AF03C78ABADB44404294CF06A93052C036815D24B2DB44404BED1996523052C059EFAC1EC4DB444061E259042B3052C041F5DFB9CDDB4440A29D1DAB1C3052C0044B7DE0D8DB44404A2BA9B6163052C003F21B9AD9DB4440
103,-73.4255283435,41.2340634025,115kV transmission line,140311239,115000,line,0102000020E61000003D000000959408BB815B52C08713BB894AA24440D3D640787D5B52C08350F55D3FA24440A1555A7F725B52C02FC1AF3422A24440C0D89E6F5D5B52C058360AF4EAA14440956676C3555B52C0D31EDEC7D5A1444008F307B14E5B52C02B933AA4C3A144406C2F9DB2495B52C0ECCFB244B7A14440BDBD6A8B275B52C0D6DD59A092A14440CFDF9B89225B52C068C057E563A14440792870791B5B52C01D204BA04AA144408F7C21CA0D5B52C02716C7BE18A14440830C77D5065B52C0CCC5CAA6F4A0444018164C03015B52C04BFDA782D8A04440D4B2B767F95A52C0D59E26A9B2A0444046E68550F85A52C0CB28CC6999A04440EDFE20FBFD5A52C0C9A9E79B6BA044405276EBBB015B52C036D5F43C40A044409BDF6E5B085B52C056E5B5E1FF9F4440836EFCB40B5B52C0B317479AE49F44404D5609FB125B52C044A0F6C69F9F44405557B7D0155B52C00231864A849F44407C535B22195B52C013FC9424689F4440698645321D5B52C08160528E409F444053003BD91F5B52C0B7587D13279F44403500042F235B52C0B06EAC09029F444011CABE17275B52C02B562DA9D49E4440DC4F467E295B52C0CCA629ECB99E4440AB72A25F2C5B52C089F0D9DF969E4440091B25C1315B52C016FDF0635F9E44403C0CBBEC345B52C0626F9FBF459E44404B274AD33C5B52C0E3397CE9089E4440F156C43D475B52C03280A21EBC9D4440A1DC3B44395B52C0A499BB37959D4440BDED89F4275B52C0A6BF1714729D444023E320CD1D5B52C0841FB1874C9D4440074335631B5B52C05CEB0D4F249D44408D374364205B52C0ED1E1ECB039D4440A503A640285B52C0DD06D4C4D39C4440CECAE9FA2E5B52C04C1F53A5A39C444038EFEC28315B52C09AF056D17E9C444058BAC33B315B52C08F026ACC799C44407004E6C1315B52C0C0590396569C4440D1E7B7BE325B52C072973861289C44404A854198395B52C0D4F70CB7059C4440120BBC90425B52C0AC5C0FB2DA9B4440DB9036894B5B52C0E1487994AF9B4440EA0B0442545B52C034140E58849B44401F8F3EB65C5B52C0CF2F29575A9B444091D6FEAB615B52C03208C2CB349B44401B38B5506D5B52C0187022EDFC9A444047E1910F6F5B52C06D28FBF6D09A444033FD8FF1745B52C05D25A93BAA9A4440F7C333EB765B52C099A26D9A869A444034CFB795785B52C0BF1F0DC2629A444029D1F672745B52C0B35CCBF3479A44408767DB42715B52C046159E95159A4440520A24FF7D5B52C0521BB327ED994440882A1912945B52C0381881E2D7994440167BC51EA75B52C0C739B847B89944405C0B8C70B05B52C037BE27D6A4994440B8B4C1E5A95B52C0EC1C3FBB9F994440
104,-73.4564499502,41.2766956558,115kV transmission line,96321732,115000,line,0102000020E61000001E000000D785B384865B52C0007D62CE53A244402770DE42935B52C0C7AAF45877A244408096F903A55B52C04CA823C3A8A2444052606658D05B52C0335907B57FA3444038C89623DE5B52C009EB5DFAA2A34440D2CE2BCC0F5C52C0FB85B50F7DA34440C481F00A335C52C04476769784A34440D565857A705C52C084CD6979C3A344407B2A6558A15C52C07A5C3B96C5A344402C21ECD2B55C52C0021A6EA4B1A344401F01C9EBE75C52C0C42E3EF488A34440CF5E1674FD5C52C0E4551E8A91A344406EA9D66E285D52C0108C75D17AA344405D6DB2B33D5D52C061998D237CA34440F39B3D22665D52C006B5D46F6AA344402EEBB8667B5D52C096D9EFB65AA34440B891ED30B15D52C0DE56F46F1BA344401EA4D8B0F45D52C06749820624A3444080A40BC33C5E52C0027DBFF830A34440621163E0535E52C040757F8A49A344409244A998665E52C07F3457E36BA34440D155F5FC7A5E52C09B11DDB486A34440649E7328935E52C0134E6A3897A34440FD7295ECC65E52C0FB3EAC35BCA344408EB23761E15E52C0F4C8A4B7C5A34440F8AE1D7F005F52C0706F8DB8CCA34440EFC147DA105F52C0BD33E92DDAA34440E083E97F1B5F52C09141267AF0A34440FC4C5FA9245F52C02C7ABEF126A444404ABE185A2E5F52C0B1BECB0F33A44440
105,-73.4415196902,41.0930784629,Norwalk - Norwalk Harbor 115kV transmission line,383428787,115000,line,0102000020E6100000020000008328B243465C52C0E7D61267018C444099DEE8733D5C52C03CA15696D28B4440
106,-73.4439010363,41.0851791937,Norwalk - Norwalk Harbor 115kV transmission line,383428784,115000,line,0102000020E61000000A00000099DEE8733D5C52C03CA15696D28B44403A7495F2385C52C0F2BF3692A78B44401E31E1CB455C52C00BCCD23E5C8B4440B375EBB8485C52C0EFBDD6D80E8B4440A1271CFE5B5C52C0C094496BD98A4440CA129CDB735C52C03C9E45D0AF8A4440C03A6B577E5C52C0ACAEB0C3A18A4440D3BB1AA68C5C52C051CB7200848A444027479B8BA85C52C01B5AA8434B8A4440F2DC86E4A85C52C0B649E54D078A4440
107,-73.4385109744,41.0785726525,Norwalk - Norwalk Harbor 115kV transmission line,141177562,115000,line,0102000020E61000000E000000F2DC86E4A85C52C0B649E54D078A4440ED9DB69C9E5C52C0805BCCE4E58944402F03D8A97A5C52C0F9591C03F089444004CFF8B9665C52C058FDB990E58944402C58468A435C52C0BDE3AA95F089444088D47093275C52C06BCF3B4FF9894440BF7FE2F3055C52C095821B43048A4440D2FDDD85EC5B52C03F3750860B8A444013FE65B6D85B52C00D579E20118A4440476E887BBB5B52C0C00E72DA2A8A44409A74144EA85B52C0D86EC58E3C8A44409D72E71C975B52C070F2CC93588A4440B1F0E2AE7D5B52C0E60644FE538A4440471A80C1735B52C03C5BC00B508A4440
108,-73.4415196902,41.0930784629,Norwalk - Norwalk Harbor 115kV transmission line,383428787,115000,line,0102000020E6100000020000008328B243465C52C0E7D61267018C444099DEE8733D5C52C03CA15696D28B4440
109,-73.4439010363,41.0851791937,Norwalk - Norwalk Harbor 115kV transmission line,383428784,115000,line,0102000020E61000000A00000099DEE8733D5C52C03CA15696D28B44403A7495F2385C52C0F2BF3692A78B44401E31E1CB455C52C00BCCD23E5C8B4440B375EBB8485C52C0EFBDD6D80E8B4440A1271CFE5B5C52C0C094496BD98A4440CA129CDB735C52C03C9E45D0AF8A4440C03A6B577E5C52C0ACAEB0C3A18A4440D3BB1AA68C5C52C051CB7200848A444027479B8BA85C52C01B5AA8434B8A4440F2DC86E4A85C52C0B649E54D078A4440
110,-73.4869872019,41.0724000386,Norwalk Harbor - Glenbrook 115kV transmission line,141177563,115000,line,0102000020E610000045000000BF51DA6F526152C040761FF3F187444045A62643586152C038D0A53AF4874440D9A61FBA546152C0040B808E13884440A8775AAE506152C0CE9967CF2D884440F0E52BEA4C6152C0336E6E1E4888444096A8178D436152C0347514EB718844405353A0D6356152C09596C6A096884440A96D1EB6286152C03C014AB5AA8844405B7C6BBC1B6152C04D1846F5BD88444072D9F8C30B6152C0A9C7A66CD5884440DF2BEE29FD6052C03C29D9CCE088444027E61899ED6052C08A511170EC8844402A6DC167DD6052C0E3407798F48844407227ECD6CD6052C03003831FFC884440F80C63D5BB6052C047BA6D17FE884440F9E826B2AA6052C092639851FF8844402DADB171986052C04D271B03FC884440E2FDD54E876052C03A3390EEF8884440287DBE90756052C00C32ABA6F48844406DFCA6D2636052C0843BA78BF0884440ED827836526052C0A5F8A785EC8844404C3E7387406052C02AD5F979E8884440CCC444EB2E6052C09251286DE488444044BA0A3E196052C06FF2329BDF8844403C731153056052C0261DF511DB884440D04FCEA6F05F52C07E3BBFFDD688444019C1B3DFD75F52C07F097C50D1884440C87B8B7DC65F52C06BABA743CD8844407E9508B6B45F52C0C1217DF5C8884440E456F20AA25F52C00AFB10D3C4884440EBAA8EBD925F52C0A96C094AC1884440C238737F845F52C05F8BF30EC1884440D43BB6F6635F52C044F05381D688444023C528C5525F52C0A0D52EAFE28844408F171E2B445F52C081E5AD6EF0884440FBA0BA35365F52C0717E21D401894440C11E2667285F52C0C457CD0D13894440CFC103C21A5F52C08E94D2F92489444032CAEB3F0D5F52C005901C9936894440DD1955D9FF5E52C07F1167624889444053A6F334F25E52C07602A3165A89444070896989E45E52C0E98B07796B894440988A68E5D65E52C0F80610FA7C8944408F0CBBE7C85E52C0302BAA3A8D89444097F0B4D5BA5E52C08BEDC8669D8944403DBA3522AB5E52C017E7B18AA9894440838029FB975E52C0B5F77CD7B5894440F8657EED8A5E52C0899D766EBE894440F173BAEC685E52C0344A90CACA8944402002373F575E52C08E5E4C5ACE89444078E3D3DA3E5E52C0F8483180D38944407A56970A225E52C0AAB72F3DD989444064C1E840145E52C0A100E1A2DC894440526E1EBCFB5D52C0ADDE43FCE08944401C05D704E35D52C072ADA347E6894440B2D13CD4C95D52C089F32E05E9894440F4EE855AC05D52C01C9EE7BBE8894440389377AFA65D52C0F52C374FE78944401B6DBDD4945D52C00E53D5AEE5894440668987FF7C5D52C09D8E6E99E38944401F3B7EA87C5D52C013FDDFEAF0894440896AEAFE505D52C028D9EC29EE894440A95DDE21345D52C02701CC56EB894440C65ED54D1E5D52C07DD84775EA89444048335460FE5C52C08B531059E8894440331EB9BBE65C52C0E3475098EC8944404BBD102CD95C52C07ADFE47FF28944405691C003C05C52C0E1EA6881FD894440F2DC86E4A85C52C0B649E54D078A4440
111,-73.4415196902,41.0930784629,Norwalk - Norwalk Harbor 115kV transmission line,383428787,115000,line,0102000020E6100000020000008328B243465C52C0E7D61267018C444099DEE8733D5C52C03CA15696D28B4440
112,-73.4414858237,41.0934678434,Norwalk - Norwalk Harbor 115kV transmission line,383428789,115000,line,0102000020E610000002000000D36E9A27455C52C07424B4EB1A8C444099DEE8733D5C52C03CA15696D28B4440
113,-73.4427058958,41.1118565328,Norwalk - Norwalk Harbor 115kV transmission line,141135019,115000,line,0102000020E610000019000000D36E9A27455C52C07424B4EB1A8C444031606F2D4D5C52C07FF1E172678C444069674BE1535C52C00D32C7E9A68C444030C2E79E585C52C09AA19515D38C444090D94C436F5C52C08328F23D018D4440AF1A8166875C52C0B1F8CC6D338D444036711447915C52C0BEAD55B0548D44405B94EEDC9D5C52C0ED45A04C7F8D4440E48EDE73A85C52C0AA9D1955A28D4440E04CFA2EB35C52C02CF7868AB98D44405C42878BC65C52C0514F026BE48D4440AAF3B629D55C52C03DEA744D058E44401FC4598DD45C52C07F062B4C1D8E4440FE679EB3BC5C52C0B61E76DB468E44401B30A72DA25C52C0A5822E48758E4440CAD14B908E5C52C02976C23B988E4440622246317A5C52C043B7D1C6BC8E4440066D80485B5C52C01BD1252AF48E444007B25EAE485C52C058016A38168F4440CB201901315C52C0E07D0C073B8F4440A0E5A467235C52C016901DEE508F444030C8626BF85B52C07A9238E5A98F4440B969E2CFD25B52C0BA9849A1E68F4440A60B02F5B15B52C067AEF0D61B904440A6B62C4B835B52C0C50A0E4936904440
114,-73.4293538063,41.1270634326,None,383428743,115000,line,0102000020E610000002000000A6B62C4B835B52C0C50A0E49369044404C9799C5715B52C0D5E293F150904440
115,-73.4265224208,41.1537920404,Norwalk - Weston 115kV transmission line,141135032,115000,line,0102000020E610000024000000E641C41A7B5B52C02F4BD7FA86904440196379AF7E5B52C0B02026998C9044401F59112F795B52C0331E5DA1A49044401E8054E17B5B52C0D4D21736E490444062BCA5CA805B52C05E40B59C17914440B96C499F875B52C0FB328E0D419144400328FB998E5B52C0F72F08716D914440A7EC136E965B52C02721CEB698914440F28951FF9E5B52C02BF7447EC5914440192A382BB05B52C045CFF426F09144408DF33877BC5B52C092A2AE602592444075593C11B95B52C0FAB1CFE56792444082CE34A2B55B52C0293FDFF399924440E012EB16B25B52C0748F7C69DA924440EE57D1ACA75B52C09D7C89F60C934440AD7443C89C5B52C073E213203E934440CF8F0E97925B52C0EAE3BC0170934440D3B8BFA0855B52C00054B019969344405BF064FA735B52C071507CEBC293444022E2466F3D5B52C081639D7ED693444038082064335B52C06CF88EC30A944440EAA6CAA5275B52C08E42C7BC2B9444400BE009DE1B5B52C05F933EF051944440D92CBD6E0C5B52C0870DEE5E82944440684548B9015B52C0E3CECA49A5944440068E1479F25A52C0B1BB461BD6944440044134BAE75A52C0D942AB14FC944440AB37CDE0E65A52C0FDDE70E117954440EBCD7A06E75A52C02FC0B1C253954440FB068BC4E65A52C02B9EBA2FD39544403B9D38EAE65A52C0031AD39E14964440D7F795CDE65A52C013ACE9253D96444026C753B1E65A52C06E2C81927596444039AB4861E75A52C03754EE2E94964440A86DEDF9D05A52C02CCC661899964440A014567DB45A52C0061C45FE9E964440
116,-72.9021976699,41.3159442557,115kV transmission line,135690753,115000,line,0102000020E6100000160000003156CA53293A52C01BAAE59679A74440E43C07B8323A52C0059CD36B85A744408FE76087303A52C0511B4014AAA74440E4B33E262B3A52C03D0ADB45C9A74440DD07B9CC203A52C063F0DE16E6A744401F53E71C0D3A52C02164998E04A844407F00C588013A52C03B27BD1114A844407C11DC8EF33952C00768F7A324A8444013CEEAD9D53952C0F2E420004EA84440A5FA749FCA3952C0C1CD81B85CA844400FBBB84EBD3952C0220D025E6CA8444014540C1DAF3952C07937AA1582A844406E12E7B2A23952C06177D5F790A84440178EE19A8D3952C0113C6738ADA844405F782B737E3952C026E697FEBFA8444043A6E600713952C03EA7FDEBD7A8444035CBDA75673952C0E3A40581F5A844405A7A9E08603952C02E8BEB3E0CA94440320589A9593952C073675A5A1FA94440333C3DBC533952C0ADE2CB1D36A94440118D93054E3952C0B7AF6FFD4FA944407503E4A8343952C0557A8C1448A94440
117,-72.8849635258,41.3215003921,115kV transmission line,135690752,115000,line,0102000020E6100000100000007503E4A8343952C0557A8C1448A94440BDA4DBDC223952C0BE38CD5343A9444053C8B035063952C0E36656B34CA9444003A350B8F03852C00403C5FA51A9444037C5D23CDB3852C0C885329653A94440C045D7A8C53852C03CC0C26851A944401D6F2043B53852C01633073A4DA94440B42B2F8E973852C07CFA236941A9444063FDF259843852C04057FD3833A94440E5157674713852C04B7D15FE21A9444058D77467603852C08D0804FE0DA94440343B29C4503852C0B535722DF7A84440A55A120E433852C01ADE8839DEA84440D328054E363852C0D544E742C4A84440BA8CC1DA2E3852C03272DBCDB3A84440F03412D0283852C00C15696AAFA84440
118,-72.9021976699,41.3159442557,115kV transmission line,135690753,115000,line,0102000020E6100000160000003156CA53293A52C01BAAE59679A74440E43C07B8323A52C0059CD36B85A744408FE76087303A52C0511B4014AAA74440E4B33E262B3A52C03D0ADB45C9A74440DD07B9CC203A52C063F0DE16E6A744401F53E71C0D3A52C02164998E04A844407F00C588013A52C03B27BD1114A844407C11DC8EF33952C00768F7A324A8444013CEEAD9D53952C0F2E420004EA84440A5FA749FCA3952C0C1CD81B85CA844400FBBB84EBD3952C0220D025E6CA8444014540C1DAF3952C07937AA1582A844406E12E7B2A23952C06177D5F790A84440178EE19A8D3952C0113C6738ADA844405F782B737E3952C026E697FEBFA8444043A6E600713952C03EA7FDEBD7A8444035CBDA75673952C0E3A40581F5A844405A7A9E08603952C02E8BEB3E0CA94440320589A9593952C073675A5A1FA94440333C3DBC533952C0ADE2CB1D36A94440118D93054E3952C0B7AF6FFD4FA944407503E4A8343952C0557A8C1448A94440
119,-72.8924108296,41.3431739225,115kV transmission line,135690751,115000,line,0102000020E61000002E0000007503E4A8343952C0557A8C1448A94440456ED2AC4C3952C04558C93157A944404D5DE2F0463952C0EFDD1B9672A94440B526E87A443952C0405A5B0E8DA944409C8A9799433952C099059636A5A9444073E55563433952C04D62842CBFA94440BE1EC707433952C030865B88DBA94440E00425D1423952C0DA638ABFF6A944403BB9709C443952C0C6369A1F11AA44407B1FFF58443952C03E393AEC2BAA444071FAED15443952C0102D6EE946AA4440109969DD433952C0B6D80E3A63AA444036F304F4433952C03CD4304E7CAA444091658656433952C0529861F298AA444076C93575423952C05C6B8679BAAA4440506F9A5E423952C0579A1895DDAA44405F567CC1413952C050DF412402AB4440C516A694413952C0A0BA3DFA25AB44402BAE383A413952C09B08E3F049AB4440D2D4F0C9403952C0B41485A16EAB4440BBBAEDAC403952C01A71ECD691AB44406A927932403952C029B71830B4AB444029D334DF3F3952C0271BD96CD8AB4440C282ADD03E3952C096C25E5BF6AB4440901365693C3952C0EDFD665314AC4440BA088EED383952C07710D36032AC44404D8739A0343952C0EFF38A1B50AC444088EE6D022F3952C0CBEEF55B6DAC4440B6779CB8273952C00E8FAAC88BAC444050051326203952C0FFCA870CAAAC4440BE9B1902183952C0B43D548DCAAC44400112191F0F3952C0444155ACEDAC4440BC33BFFA063952C07970C8070FAD444071E8AFC4FE3852C0706E2D7B2FAD44402A8F9017F63852C00DBD309952AD4440B54C1150ED3852C0AD971A2B74AD444069AFD3BEE43852C06C67DD6A95AD44402775D650DD3852C040BADDD2B2AD44405B945146D63852C073B8B1E5CEAD4440F54A5FE1CE3852C05ABE5D91ECAD444041249F21C73852C0DE9BD5690BAE44406C4018C6BF3852C01457FEDE28AE4440BFD83B73B83852C0D6B9090246AE44403679CCDBB03852C05DB8381464AE44400461F3FDAA3852C0F86F84DC7DAE444007E03933BA3852C0FF0A99FE86AE4440
120,-72.886617134,41.3635562954,115kV transmission line,140847560,115000,line,0102000020E61000000200000007E03933BA3852C0FF0A99FE86AE44406B675B78C23852C0C8B2E5078BAE4440
121,-72.9021976699,41.3159442557,115kV transmission line,135690753,115000,line,0102000020E6100000160000003156CA53293A52C01BAAE59679A74440E43C07B8323A52C0059CD36B85A744408FE76087303A52C0511B4014AAA74440E4B33E262B3A52C03D0ADB45C9A74440DD07B9CC203A52C063F0DE16E6A744401F53E71C0D3A52C02164998E04A844407F00C588013A52C03B27BD1114A844407C11DC8EF33952C00768F7A324A8444013CEEAD9D53952C0F2E420004EA84440A5FA749FCA3952C0C1CD81B85CA844400FBBB84EBD3952C0220D025E6CA8444014540C1DAF3952C07937AA1582A844406E12E7B2A23952C06177D5F790A84440178EE19A8D3952C0113C6738ADA844405F782B737E3952C026E697FEBFA8444043A6E600713952C03EA7FDEBD7A8444035CBDA75673952C0E3A40581F5A844405A7A9E08603952C02E8BEB3E0CA94440320589A9593952C073675A5A1FA94440333C3DBC533952C0ADE2CB1D36A94440118D93054E3952C0B7AF6FFD4FA944407503E4A8343952C0557A8C1448A94440
122,-72.8924108296,41.3431739225,115kV transmission line,135690751,115000,line,0102000020E61000002E0000007503E4A8343952C0557A8C1448A94440456ED2AC4C3952C04558C93157A944404D5DE2F0463952C0EFDD1B9672A94440B526E87A443952C0405A5B0E8DA944409C8A9799433952C099059636A5A9444073E55563433952C04D62842CBFA94440BE1EC707433952C030865B88DBA94440E00425D1423952C0DA638ABFF6A944403BB9709C443952C0C6369A1F11AA44407B1FFF58443952C03E393AEC2BAA444071FAED15443952C0102D6EE946AA4440109969DD433952C0B6D80E3A63AA444036F304F4433952C03CD4304E7CAA444091658656433952C0529861F298AA444076C93575423952C05C6B8679BAAA4440506F9A5E423952C0579A1895DDAA44405F567CC1413952C050DF412402AB4440C516A694413952C0A0BA3DFA25AB44402BAE383A413952C09B08E3F049AB4440D2D4F0C9403952C0B41485A16EAB4440BBBAEDAC403952C01A71ECD691AB44406A927932403952C029B71830B4AB444029D334DF3F3952C0271BD96CD8AB4440C282ADD03E3952C096C25E5BF6AB4440901365693C3952C0EDFD665314AC4440BA088EED383952C07710D36032AC44404D8739A0343952C0EFF38A1B50AC444088EE6D022F3952C0CBEEF55B6DAC4440B6779CB8273952C00E8FAAC88BAC444050051326203952C0FFCA870CAAAC4440BE9B1902183952C0B43D548DCAAC44400112191F0F3952C0444155ACEDAC4440BC33BFFA063952C07970C8070FAD444071E8AFC4FE3852C0706E2D7B2FAD44402A8F9017F63852C00DBD309952AD4440B54C1150ED3852C0AD971A2B74AD444069AFD3BEE43852C06C67DD6A95AD44402775D650DD3852C040BADDD2B2AD44405B945146D63852C073B8B1E5CEAD4440F54A5FE1CE3852C05ABE5D91ECAD444041249F21C73852C0DE9BD5690BAE44406C4018C6BF3852C01457FEDE28AE4440BFD83B73B83852C0D6B9090246AE44403679CCDBB03852C05DB8381464AE44400461F3FDAA3852C0F86F84DC7DAE444007E03933BA3852C0FF0A99FE86AE4440
123,-72.8657532975,41.3891750299,115kV transmission line,140847578,115000,line,0102000020E61000002800000007E03933BA3852C0FF0A99FE86AE4440FDE81A28A93852C0A2DA348380AE44409DA517C7A03852C0FC67F396B5AE4440FDC297F7933852C01FF590B0E7AE44407D22193B863852C03DB847B91EAF4440CBBBE28D793852C02D309FE650AF4440279544DA6C3852C0E82F742783AF444029A36E2D603852C077C7BAD1B5AF4440BD91C912543852C0B68445FDE5AF44406B752B70493852C0A471644810B044405E5CF0043F3852C08B5A88543AB04440A252F6D8323852C05F190DF66AB04440C5C43031253852C02B6EAA57A1B0444005F2D03B203852C00A551C1AB6B044407543138E1D3852C057E39347C0B0444079954E57173852C004012457D3B0444000E4DFDE033852C07BD4F09206B1444038837B67EC3752C01FEE69A334B14440E7D2FEDCD13752C0AFE2F3595FB144403561BF47B63752C0F882744788B14440A99F03C7803752C0A909EBBCD6B144405DDE8912673752C0F8C8D547FDB144400973C4A34D3752C0676C544A23B24440132E4140323752C089FE35174CB244404D1DC416173752C077F3C77976B244400355C226FD3652C0E615DF08A2B24440124F1C79E53652C026243F54CAB24440372837BBCB3652C00E531E03F6B24440243364FBAF3652C03CCDE92A25B34440AB8F1268963652C0659EB30351B344402B3465A37C3652C02C944DF27CB34440ACBA4375643652C073A8CE81AAB344402073731F4F3652C07A3A2FA9DAB3444009D5F50C3D3652C0FEDCAF290EB44440043B28212E3652C07BB0BFE043B44440C4C0B4C5213652C02A8140477BB444409E2D386B163652C0BCC5825CAEB44440ED7FF6260B3652C0ABC5C189E1B4444040C83FF4003652C08FB6424210B54440CC976B2CFA3552C03C0085100DB54440
124,-72.9470233443,41.2826512923,None,142411466,115000,line,0102000020E61000001F00000027592556163D52C0CAA030A754A3444049762AC4163D52C09C821C525BA3444043072EA5123D52C00F436CE367A3444014532E220F3D52C0D2E6D31270A344408A610DD4083D52C0780B4E617BA344409F5E422D053D52C0E26199CF81A344405BF2DE48F93C52C0867664BC96A344400A46E36AED3C52C0A727DFD5ABA3444033075F6BE13C52C063DD23E1C0A34440E25A638DD53C52C028C2E79FD5A344409E954912C93C52C0CE584D13EAA34440743C610FBD3C52C0C3D63F54FEA34440F584F624B13C52C0F94A91FF13A444408AB76280AB3C52C0E595F5F41DA44440134C3F1DA93C52C098EDDF0A22A4444068C8356EA73C52C0FB9AAC1225A4444099459BBAA33C52C0D96752F82BA444405B46EDE7973C52C042027FDA40A444403F9D3235913C52C072709B174EA44440BBC3ABEA8B3C52C0B85C0D2F55A4444059B50821803C52C0C39977D767A44440FDECD7B6713C52C028A30B797AA44440114804D56A3C52C00E0731F582A444408067E0B0633C52C0B72A341B8CA444400B93BCA0553C52C0076D00839DA44440AA947DC9473C52C0471980B9AEA44440AF4FE089393C52C04B2F4F37C0A444401158BB99323C52C07AFE0BB9C8A44440B733DA772B3C52C06DA60F79D1A44440B858F0F81C3C52C050271A71E3A44440C9FF68DC103C52C0FE4EB60EF2A44440
125,-73.04651865,41.2242261489,None,142411460,115000,line,0102000020E6100000550000002E4F2FB52D4552C06BDA9232319B444050A522D5324552C006430A423E9B4440EEB8818F2D4552C0C5C2DF86449B4440EBEB9A19264552C0F153248E4B9B4440372CA1671F4552C0E00238BE529B4440840C7651114552C03E85C91D619B444089CE604D034552C0169B96046F9B444019606A13F54452C0E796F8F87C9B44403785AAD0E94452C043AFAC77869B4440F24612DAE04452C0673145128E9B44404EC9049DD74452C0EEFF5CF2949B44402DC3F8CACE4452C0C65815089B9B44400727A0B9C54452C0B30CE9DAA09B44402E5DFFACB44452C0E2F2FDF9AA9B44400C838429A44452C0EF3572E9B49B4440AC346B72934452C099F750C7BE9B44409D073EFA824452C0B473EC6BC89B44400F770E92714452C04AAAB4BBD29B44403BBAE4C45F4452C0BD9A91D3DD9B44407D55EDF44E4452C0D47CC9D7E99B444037CCBB4C3F4452C0D6BFF761F79B4440847C71CD304452C081D77E2E089C4440C882DB93224452C0E8D5BE4D199C444026EEEE96144452C0A86D28E12A9C4440FEF698E1064452C085A7DE7F3C9C444085DE56EDF84352C07D6500F84D9C444087CCC5C9E94352C0BAB98E425E9C4440ADF94806DB4352C02B718D816D9C444090155994CB4352C03DB9F3967B9C44407967778FBB4352C08AB6D8A6879C4440A41114D0AA4352C001E36D03929C444074F078179A4352C0FDA955949A9C444057ECCD2E884352C0994FB812A19C4440C5071CF0784352C0D9FE7665A49C44406D5A723C6A4352C0B558265DA59C4440ECC957725A4352C0E405334BA69C4440B35EAFD14A4352C03A079D2FA79C44402B46583F3B4352C0A4557DFEA79C444048109B582B4352C0184BE7E2A89C4440018769B01B4352C09234D8A9A99C4440BE2823B1094352C03D7DAAB3AA9C4440994A0DA5F74252C075BD7CBDAB9C4440D61822F1E54252C094DCB297AC9C444000115204D44252C0B1DFD08EAD9C4440DD7DE217C24252C0D53557ABAE9C4440B89FCC0BB04252C0DF4106A3AF9C4440F56DE1579E4252C0E95F5460B09C4440915DEA12954252C08ED67831B19C4440A0845C3F8C4252C02F7303A3B29C44407D0A1320834252C0985A6428B49C4440AAB1B53F7A4252C01F6C587EB69C4440C918C065714252C025AB22E8B89C4440AB34C385684252C01ABA52F2BB9C4440CBE673CB5F4252C0F096AF2CBF9C44403EBA1050574252C0962E534AC39C44408F7730A24E4252C03ABEE45EC79C4440D68A043A464252C063E5926ACC9C4440015E38A8354252C0E4A8FB05D79C44401BDDD4A1254252C0B264CA55E39C44403C3D64FA154252C0C82BFD59F19C4440AECCEF08074252C0B2E8D9DAFF9C444046AF8EF2F74152C0BB0F80A60E9D44403A5D65D5E84152C0E93861301D9D44406FEC8FFDD94152C0AC3494092C9D444028716ECCCA4152C0B72B28083B9D4440B0218533BC4152C0E3888570499D4440EE38EC23AD4152C0E7367819589D4440DA57FE029E4152C034638EAE669D444054985D078F4152C001763AA6759D444091B64C33804152C0E84DA841859D44403C7DE0CC714152C059357AAC959D4440895DB5B6634152C06FD5E50FA69D44406C32BAAD554152C03122F6DEB69D444033B025DF474152C001742778C79D4440D4D3F5F9394152C020B7C983D89D444009CAE62F2C4152C056CBC85FE99D44401F1E98801E4152C0E4872E5DFA9D44402DBAED9F104152C035187A400B9E4440AACEC8C3024152C005ED22F41B9E444007416402F54052C0EC70FFF12C9E4440B9BF53CDE64052C03CF8D2CD3D9E444033CB45CCE14052C0C50C5A8B449E4440B677B43CD84052C08E23F44C509E4440561DC5ADD14052C02EB8AA58579E4440E3A71FEED64052C0BDD41B2C619E4440
126,-72.9953381536,41.3394115253,115kV transmission line,42563689,115000,line,0102000020E6100000BF000000A1C2D46F404652C02DECA296259D444004442EFB354652C0F0F34D67209D444020E720F4294652C09DD62D8D309D44400F7FB14E174652C0486DD9404C9D44402EF29EBAFD4552C0FBCFA936729D44408EAB5F6CE14552C049A5BAEF9B9D4440F51C6FE1CB4552C0002043D3BB9D4440EDEC6E92AF4552C09CCA98B7E59D4440C14F75199D4552C0287ED412019E4440C2E2E651894552C0C41239501E9E444014778952734552C0A08A4A3C469E4440672218815B4552C063C4C310719E4440272DF978414552C0E4E0A72AA09E44404996571A364552C05E9C72C4B49E4440B6B6F3771C4552C07D022A71E39E444032AB06B7124552C006AF5181F49E44405C41BE58F54452C0C5605FF40D9F44404BAAFC39C94452C0628A1234349F4440E0487D3FBA4452C0D3CE8042419F4440BD0167869C4452C03F0EF2135B9F44402A992DE4814452C0082DE74F659F4440BC8D96E7584452C023E7424F759F4440A09708E4404452C03D09BB3F7E9F4440921C4899314452C08CFBD5F3839F4440FB9B8ECF084452C02E6FBCD9949F4440968C570CED4352C057ADF203BC9F4440EFBDDBF5D04352C03623796CE59F44405AF55613BC4352C07A0DF0B504A04440A4EF114CA44352C09F6A02E127A04440F8DA3044844352C0158E2D4757A0444080BE6DA3674352C09264D00682A04440DAF37FA7534352C08AE1DB5E9FA044409C207091394352C08CBCEC1FB9A0444028F5E965284352C05569F0F1C9A0444020BAD3C0034352C06B9E53D0EDA044403B37361BE94252C0122F360D08A144408AD00CDCD54252C0EE2EDB021BA1444059C41644BF4252C0BA188B4031A144403628D80EA94252C0F6B77DF853A144404D3C1372964252C0E0E0E83271A144404B2259AB7D4252C0AB482A9D98A1444010AA53A7614252C026E2C0B9C3A14440034D14344A4252C0C153B564E9A144404708F2B62E4252C0E8831FB614A24440B8FC0934164252C0D58A65153BA24440F91C5A49FE4152C0D77B187161A244404BC220BED34152C07EAAE46881A24440CECF9AF0B14152C0D8075C459BA24440DBF33E848E4152C062AD2276B5A244406E7F9A6C604152C0F78C4E9ED9A2444099CAC5CA354152C0A10B6EEDF9A244401D84E470024152C0AAF4AFF620A344403446FEE6E84052C04FAC03F335A34440AE48219DDF4052C0367AFD1D5CA344403F55E37DD84052C0DA540B8E7BA3444066C67730D04052C0FCF50AE2A1A344400E3201B8C34052C0BD584953DAA34440721C75CCB74052C04D8A109C0FA4444004900A29AB4052C0EF61BFF847A444409F1D8E049D4052C0DFADAB6C83A44440F38AED52844052C0A50BF6AC9CA444409C8AB5024B4052C0E94269C1D3A44440C49CD8D2284052C0E7AF7C56F4A44440CF89BBE5114052C030A59E3C0AA5444017A73824EE3F52C0090D88302CA54440AB56DD9DCA3F52C0DDC1821D4EA54440F2FC226EAE3F52C0B8A390B668A54440C7B6987E983F52C0D83BD9EC84A54440C6080D3E693F52C0B6D30AB3B8A54440B3DA9E9E123F52C0E3DA6EEE21A64440A08B55C6083F52C0A25E89482CA64440277246E2133F52C09D6F8F0C60A644407B9B4E56243F52C0A955320FABA644409DAC707E353F52C0D6A1CAB1D8A644402F05462E523F52C02CA8DAF01CA7444014D1280A763F52C03639744732A74440AFC7662EA33F52C00E222BC94AA744407F318842D43F52C06A3DF87566A744402908208E004052C027D518F87EA744405F4710962B4052C0C3053F4397A74440D1D648D2524052C096633606ADA74440757E675A794052C02FA8C7A0C3A7444049C76DB67D4052C0EBE02BA7F8A744408F57279A8D4052C00EA54920B2A84440247160BA854052C0B7F0D2EE35A94440DF0931967C4052C05506D38EC5A94440496C7012794052C04D5983A3FFA9444073C86C12704052C02C1BF58F3AAA44406A0C83C6674052C0D454750D71AA444003FA3706614052C0C61A56AB9EAA4440FCBF9B7E594052C0DB05BF98CCAA444079E1D305584052C07F0D65C5FEAA44402C7B30AB564052C0287E229F30AB4440A0F9A4B3554052C02EBCEC486BAB4440611B7F47334052C03D6E3ECD78AB4440869F710D214052C0370C50F974AB4440CC9AD2EB034052C019C9D11B88AB44400136D3EBEA3F52C0E45601CA99AB4440C8B88CB9D23F52C0E0C1092EABAB444080C94717B63F52C0E3DC2A8AC4AB444052789A639E3F52C016C578BDD9AB444091667794883F52C07ACF9899EEAB4440CF2E7EC2933F52C02EE12CE225AC4440F76557D39F3F52C08357E74A5EAC44408667F6EF963F52C0C8C47A449FAC44402A4FDE378C3F52C02834A067C2AC4440A78B8399973F52C0765D2344FAAC44400D9806A08B3F52C03B1EFAF829AD44404539DCC77E3F52C028E020C859AD44402F7F24EB783F52C05F9D2A0587AD444018954DA5723F52C03D1F0765B4AD4440D22D1E81693F52C044DC7C44D8AD4440D51DD46A5E3F52C06C6AC83D01AE4440FA21C0794F3F52C0C6276DE238AE4440B6632E3A433F52C0972715AB66AE44400BAC8475323F52C0A297FA99A5AE444017860975253F52C0F97318C7D5AE44409C29B60A113F52C0A1A1775324AF4440BA8E7923043F52C09B3DB68F51AF44403885E0DDF73E52C0EEBC0EC97FAF44406FD6CEB7EE3E52C0432B23D2A0AF4440005AC806E03E52C05EA000B6D7AF44400927D6C6D33E52C010D169CA05B044402D4B7D4CC73E52C00F43892837B0444060591A32A53E52C04F42AD93B6B044407F30C71C9B3E52C0A147D953D8B0444022CF5CC08D3E52C0D69AA4C509B14440BA8FECB77E3E52C077860AC841B1444072267686713E52C02157D0C873B14440A6F5092E6E3E52C0DD8F9E1083B1444005C5E91D693E52C05163977E9AB14440F83B0CEE5F3E52C0AB223982CCB144403B7288AF583E52C045A0067DF2B14440169800BE4E3E52C04CA993132AB24440154D670C483E52C0396C25854FB244403A8A41CD3D3E52C003235A8587B24440C712626E383E52C0BC94C0E7A4B2444037DBDB2E2E3E52C015B9F54FDDB2444074943EEC283E52C0D3E47B8BF8B2444018351B9D1F3E52C0A1C935E92BB34440BFFE9BE90F3E52C0C6819C1983B34440D3907C1A033E52C086D0F5D7C9B3444082762585FC3D52C0F75BA036EDB34440C4936E0BF33D52C00E9EBF1C21B44440D8254F3CE63D52C002EFAFD066B44440EB6EDDC8D63D52C0C2E72D8CBCB4444014392812CF3D52C014C41C47E6B4444026AB405EC63D52C015F556C915B544400D225BFEB43D52C0033C117034B544408A49A1A3963D52C0C6BE051269B5444004919551813D52C01A25B93D8FB54440D43FDB2F703D52C02AD23911ADB544400AD453F4563D52C05A716285D9B54440C40FED8C3E3D52C004560B7D03B6444061A41280233D52C0C8B2D09233B64440E16A673F103D52C0E18E773D55B64440AE93D13EF63C52C09D85BAB583B644401A8441C5E23C52C0D878BB13A6B6444072A01320D33C52C0802CC2FFC1B64440CECE9DE8BE3C52C0EADCD47AE5B64440A87716CFA93C52C0F6B8AEF10AB744404A698DE1903C52C0022A74EE36B744405DE23AD7813C52C07A8063D052B74440B4C3CA04703C52C0A17A4AE573B7444015BA0783603C52C06C9CC2E390B74440C9A8A6804A3C52C0CB9AAD26BAB744405A218A79333C52C053F2F9A3E5B74440646E9EF0233C52C0416B616C02B844409E36DE14063C52C0237DDC4D3AB84440153CFBEBF43B52C0140F085A5AB844405EDF392DE73B52C02A58504974B84440EA8F6A70CB3B52C0A6D46F9BA8B8444013BD0789AF3B52C0EC0D6EC3DCB844404EF96A1E9F3B52C03222EB87FBB84440253A7C8F7F3B52C0418794BD33B944401B1F21615D3B52C0309E74AD3AB94440F6F885A02F3B52C0E8D63A6841B94440B9700F3C1C3B52C062B1126144B9444098A7C59AF03A52C0B68B56FD4AB94440C089C901CE3A52C04C78397B50B9444091E4B353AB3A52C072118E6455B9444071E2886E743A52C03A8178B15DB94440069E102E403A52C0B01036F465B94440C2024E62213A52C095FAE5BD6AB9444093EA8E600E3A52C098C6D5576DB944409AFF74A7E73952C0B923826C73B94440883DD54DB73952C090B897D87AB944408119B8448A3952C0FF81B68981B94440C6C12A467F3952C0476FBC5884B9444012658363643952C03EA06E09AFB94440288AE23A3D3952C0BC904263EEB94440
127,-72.9582729871,41.4053314503,115kV transmission line,140334539,115000,line,0102000020E61000005B0000004F64A856983F52C06CCD9BD0A2AB444045790C51B33F52C02CFADFCEBFAB4440968B618D9C3F52C00977E303D5AB444082EDF0E8833F52C0563569D6EBAB44401BE8F51D903F52C081A3737027AC444092EE8C129C3F52C0E2230CBC5EAC4440246BF1B7933F52C0BE6063419EAC4440E55BDFF2893F52C05902CE39C2AC44402C05D97F953F52C0497A5116FAAC44408AD7B290883F52C0803029E027AD4440633913727B3F52C0AFFBED1B58AD4440F3AC9B60753F52C0323151C385AD44408320244F6F3F52C07E6CE094B3AD444079E2EC3E663F52C0EC390E5ED6AD444056CA356D5B3F52C0052E73D9FFAD4440288B264B4C3F52C0DC86694437AE4440730969E73F3F52C09B15E1A364AE444004742FFB2E3F52C0467DCC9FA3AE444075ECCEDB213F52C09CCBB90ED5AE4440C08F1A8B0D3F52C03D5EE8E921AF444015B120A6003F52C0EB98E5BA4FAF4440BCE1746EEB3E52C04DF56CA39EAF44400DFFDF00DD3E52C06AAEB28AD5AF44408E57D908CF3E52C0580B71990AB044406557A79CC33E52C0E534F82535B0444090B4708CA13E52C02CC6D940B4B0444021D1965F983E52C03FA51731D6B044400F09DC798B3E52C00E57F9EE05B1444064AAE84B7B3E52C0CA62EFD53FB1444017B2AD166E3E52C0B604637071B1444063649D366A3E52C0DD4362E980B14440B4230496653E52C07E93730999B144408269227D5C3E52C00E4B7E37CBB144405650B067553E52C0AB5ECA61F1B144401B2C06F04A3E52C00E3A82762AB244400AA85C80443E52C056BA09104EB244403F075BD13B3E52C0E8D002737DB24440E011F8B02B3E52C0FF070180D5B2444069F6BB9B253E52C043D60320F7B244403B4951C21B3E52C075C1E9522CB34440B6DBDE210D3E52C0A8BD9A957CB34440F7EF585FFF3D52C0ED73B34FC8B3444010B1B253F83D52C08D0DC9E4EFB34440BB692908F03D52C0C1B823551DB444406AED4C93E43D52C00D81CD625CB44440F7618895D23D52C04DD315C8BCB4444040976B1FCA3D52C063FB7804ECB4444090DD6071C23D52C00F60A1EE12B54440075AA848B03D52C06C3A370934B544401A66BA08943D52C05D1604C865B54440F50023787E3D52C085E938BB8BB544400EF7E9716D3D52C0E5C03CEEA9B54440E4306639543D52C07D864C20D6B54440DBE09D053C3D52C078F58BA300B64440007166A31F3D52C00B3D479F32B644409A8C00AD0E3D52C0711A36C950B64440667C6F8CF63C52C04E7EDBFD7AB644406159D90EE03C52C0D90AF2B4A2B6444027C59940D03C52C004986E79BEB644405BA0102EBC3C52C04F533DB5E1B6444061D93298A63C52C0FEF2FED807B74440E32FF2008E3C52C03A151D2F33B744400B7F842F7F3C52C0BB2C52134FB74440E285E76C6D3C52C019CDE13A70B7444048C042CF5D3C52C0F6A9E1A18DB74440F22451894A3C52C0A13F279FB1B74440DDF682A9303C52C050D1150FE2B74440CC078511213C52C01D18F8ECFEB74440A57C5074033C52C0CA2F329C36B84440FF013D58F23B52C034FCDEE056B84440E713D8F7E33B52C0173BFA8071B84440847F66BDC83B52C0047D3F40A5B8444024CFD494AC3B52C02DB5A478D9B84440EAE1DE2F9C3B52C0559AB730F8B844404BD49A017E3B52C07460181D2FB9444069A338255D3B52C0385EBF1235B94440E00092752F3B52C0D760DF113CB944402E483ADB1B3B52C01B521B0E3FB94440FD3E5840F03A52C08DE3668345B9444072ACFBA6CD3A52C0E65708FF4AB94440B9303FF3AA3A52C0B445187A50B94440B685ADD3733A52C09260A0C358B94440694A3B86403A52C01C59694B60B944409EAC4DD4223A52C08A5E490565B944407B704D710D3A52C0FD51B12E68B94440E42F0A95E93952C041EA4CAA6DB9444010C24DF8B63952C0AF11FC6975B94440646968E8893952C0EE94C4507CB944404F86264C7D3952C074496EF57EB94440BC5D7005613952C08996FA9CAAB94440288AE23A3D3952C0BC904263EEB94440
128,-72.9883240335,41.3385074015,115kV transmission line,42564863,115000,line,0102000020E610000009000000C7BBECFFE43E52C071E2D4E347AB4440A9EF556BF73E52C070DD350F33AB4440F40ED452073F52C099B0CA0F28AB4440B1F3C46B1B3F52C001778DEC2CAB44400097D724303F52C06CB792A031AB4440F522661F4A3F52C0CDC34FEB4DAB44406BDB4F65643F52C0564EA3556AAB4440C40C817C7E3F52C045BD4D6986AB44404F64A856983F52C06CCD9BD0A2AB4440
129,-72.9953381536,41.3394115253,115kV transmission line,42563689,115000,line,0102000020E6100000BF000000A1C2D46F404652C02DECA296259D444004442EFB354652C0F0F34D67209D444020E720F4294652C09DD62D8D309D44400F7FB14E174652C0486DD9404C9D44402EF29EBAFD4552C0FBCFA936729D44408EAB5F6CE14552C049A5BAEF9B9D4440F51C6FE1CB4552C0002043D3BB9D4440EDEC6E92AF4552C09CCA98B7E59D4440C14F75199D4552C0287ED412019E4440C2E2E651894552C0C41239501E9E444014778952734552C0A08A4A3C469E4440672218815B4552C063C4C310719E4440272DF978414552C0E4E0A72AA09E44404996571A364552C05E9C72C4B49E4440B6B6F3771C4552C07D022A71E39E444032AB06B7124552C006AF5181F49E44405C41BE58F54452C0C5605FF40D9F44404BAAFC39C94452C0628A1234349F4440E0487D3FBA4452C0D3CE8042419F4440BD0167869C4452C03F0EF2135B9F44402A992DE4814452C0082DE74F659F4440BC8D96E7584452C023E7424F759F4440A09708E4404452C03D09BB3F7E9F4440921C4899314452C08CFBD5F3839F4440FB9B8ECF084452C02E6FBCD9949F4440968C570CED4352C057ADF203BC9F4440EFBDDBF5D04352C03623796CE59F44405AF55613BC4352C07A0DF0B504A04440A4EF114CA44352C09F6A02E127A04440F8DA3044844352C0158E2D4757A0444080BE6DA3674352C09264D00682A04440DAF37FA7534352C08AE1DB5E9FA044409C207091394352C08CBCEC1FB9A0444028F5E965284352C05569F0F1C9A0444020BAD3C0034352C06B9E53D0EDA044403B37361BE94252C0122F360D08A144408AD00CDCD54252C0EE2EDB021BA1444059C41644BF4252C0BA188B4031A144403628D80EA94252C0F6B77DF853A144404D3C1372964252C0E0E0E83271A144404B2259AB7D4252C0AB482A9D98A1444010AA53A7614252C026E2C0B9C3A14440034D14344A4252C0C153B564E9A144404708F2B62E4252C0E8831FB614A24440B8FC0934164252C0D58A65153BA24440F91C5A49FE4152C0D77B187161A244404BC220BED34152C07EAAE46881A24440CECF9AF0B14152C0D8075C459BA24440DBF33E848E4152C062AD2276B5A244406E7F9A6C604152C0F78C4E9ED9A2444099CAC5CA354152C0A10B6EEDF9A244401D84E470024152C0AAF4AFF620A344403446FEE6E84052C04FAC03F335A34440AE48219DDF4052C0367AFD1D5CA344403F55E37DD84052C0DA540B8E7BA3444066C67730D04052C0FCF50AE2A1A344400E3201B8C34052C0BD584953DAA34440721C75CCB74052C04D8A109C0FA4444004900A29AB4052C0EF61BFF847A444409F1D8E049D4052C0DFADAB6C83A44440F38AED52844052C0A50BF6AC9CA444409C8AB5024B4052C0E94269C1D3A44440C49CD8D2284052C0E7AF7C56F4A44440CF89BBE5114052C030A59E3C0AA5444017A73824EE3F52C0090D88302CA54440AB56DD9DCA3F52C0DDC1821D4EA54440F2FC226EAE3F52C0B8A390B668A54440C7B6987E983F52C0D83BD9EC84A54440C6080D3E693F52C0B6D30AB3B8A54440B3DA9E9E123F52C0E3DA6EEE21A64440A08B55C6083F52C0A25E89482CA64440277246E2133F52C09D6F8F0C60A644407B9B4E56243F52C0A955320FABA644409DAC707E353F52C0D6A1CAB1D8A644402F05462E523F52C02CA8DAF01CA7444014D1280A763F52C03639744732A74440AFC7662EA33F52C00E222BC94AA744407F318842D43F52C06A3DF87566A744402908208E004052C027D518F87EA744405F4710962B4052C0C3053F4397A74440D1D648D2524052C096633606ADA74440757E675A794052C02FA8C7A0C3A7444049C76DB67D4052C0EBE02BA7F8A744408F57279A8D4052C00EA54920B2A84440247160BA854052C0B7F0D2EE35A94440DF0931967C4052C05506D38EC5A94440496C7012794052C04D5983A3FFA9444073C86C12704052C02C1BF58F3AAA44406A0C83C6674052C0D454750D71AA444003FA3706614052C0C61A56AB9EAA4440FCBF9B7E594052C0DB05BF98CCAA444079E1D305584052C07F0D65C5FEAA44402C7B30AB564052C0287E229F30AB4440A0F9A4B3554052C02EBCEC486BAB4440611B7F47334052C03D6E3ECD78AB4440869F710D214052C0370C50F974AB4440CC9AD2EB034052C019C9D11B88AB44400136D3EBEA3F52C0E45601CA99AB4440C8B88CB9D23F52C0E0C1092EABAB444080C94717B63F52C0E3DC2A8AC4AB444052789A639E3F52C016C578BDD9AB444091667794883F52C07ACF9899EEAB4440CF2E7EC2933F52C02EE12CE225AC4440F76557D39F3F52C08357E74A5EAC44408667F6EF963F52C0C8C47A449FAC44402A4FDE378C3F52C02834A067C2AC4440A78B8399973F52C0765D2344FAAC44400D9806A08B3F52C03B1EFAF829AD44404539DCC77E3F52C028E020C859AD44402F7F24EB783F52C05F9D2A0587AD444018954DA5723F52C03D1F0765B4AD4440D22D1E81693F52C044DC7C44D8AD4440D51DD46A5E3F52C06C6AC83D01AE4440FA21C0794F3F52C0C6276DE238AE4440B6632E3A433F52C0972715AB66AE44400BAC8475323F52C0A297FA99A5AE444017860975253F52C0F97318C7D5AE44409C29B60A113F52C0A1A1775324AF4440BA8E7923043F52C09B3DB68F51AF44403885E0DDF73E52C0EEBC0EC97FAF44406FD6CEB7EE3E52C0432B23D2A0AF4440005AC806E03E52C05EA000B6D7AF44400927D6C6D33E52C010D169CA05B044402D4B7D4CC73E52C00F43892837B0444060591A32A53E52C04F42AD93B6B044407F30C71C9B3E52C0A147D953D8B0444022CF5CC08D3E52C0D69AA4C509B14440BA8FECB77E3E52C077860AC841B1444072267686713E52C02157D0C873B14440A6F5092E6E3E52C0DD8F9E1083B1444005C5E91D693E52C05163977E9AB14440F83B0CEE5F3E52C0AB223982CCB144403B7288AF583E52C045A0067DF2B14440169800BE4E3E52C04CA993132AB24440154D670C483E52C0396C25854FB244403A8A41CD3D3E52C003235A8587B24440C712626E383E52C0BC94C0E7A4B2444037DBDB2E2E3E52C015B9F54FDDB2444074943EEC283E52C0D3E47B8BF8B2444018351B9D1F3E52C0A1C935E92BB34440BFFE9BE90F3E52C0C6819C1983B34440D3907C1A033E52C086D0F5D7C9B3444082762585FC3D52C0F75BA036EDB34440C4936E0BF33D52C00E9EBF1C21B44440D8254F3CE63D52C002EFAFD066B44440EB6EDDC8D63D52C0C2E72D8CBCB4444014392812CF3D52C014C41C47E6B4444026AB405EC63D52C015F556C915B544400D225BFEB43D52C0033C117034B544408A49A1A3963D52C0C6BE051269B5444004919551813D52C01A25B93D8FB54440D43FDB2F703D52C02AD23911ADB544400AD453F4563D52C05A716285D9B54440C40FED8C3E3D52C004560B7D03B6444061A41280233D52C0C8B2D09233B64440E16A673F103D52C0E18E773D55B64440AE93D13EF63C52C09D85BAB583B644401A8441C5E23C52C0D878BB13A6B6444072A01320D33C52C0802CC2FFC1B64440CECE9DE8BE3C52C0EADCD47AE5B64440A87716CFA93C52C0F6B8AEF10AB744404A698DE1903C52C0022A74EE36B744405DE23AD7813C52C07A8063D052B74440B4C3CA04703C52C0A17A4AE573B7444015BA0783603C52C06C9CC2E390B74440C9A8A6804A3C52C0CB9AAD26BAB744405A218A79333C52C053F2F9A3E5B74440646E9EF0233C52C0416B616C02B844409E36DE14063C52C0237DDC4D3AB84440153CFBEBF43B52C0140F085A5AB844405EDF392DE73B52C02A58504974B84440EA8F6A70CB3B52C0A6D46F9BA8B8444013BD0789AF3B52C0EC0D6EC3DCB844404EF96A1E9F3B52C03222EB87FBB84440253A7C8F7F3B52C0418794BD33B944401B1F21615D3B52C0309E74AD3AB94440F6F885A02F3B52C0E8D63A6841B94440B9700F3C1C3B52C062B1126144B9444098A7C59AF03A52C0B68B56FD4AB94440C089C901CE3A52C04C78397B50B9444091E4B353AB3A52C072118E6455B9444071E2886E743A52C03A8178B15DB94440069E102E403A52C0B01036F465B94440C2024E62213A52C095FAE5BD6AB9444093EA8E600E3A52C098C6D5576DB944409AFF74A7E73952C0B923826C73B94440883DD54DB73952C090B897D87AB944408119B8448A3952C0FF81B68981B94440C6C12A467F3952C0476FBC5884B9444012658363643952C03EA06E09AFB94440288AE23A3D3952C0BC904263EEB94440
130,-72.9582729871,41.4053314503,115kV transmission line,140334539,115000,line,0102000020E61000005B0000004F64A856983F52C06CCD9BD0A2AB444045790C51B33F52C02CFADFCEBFAB4440968B618D9C3F52C00977E303D5AB444082EDF0E8833F52C0563569D6EBAB44401BE8F51D903F52C081A3737027AC444092EE8C129C3F52C0E2230CBC5EAC4440246BF1B7933F52C0BE6063419EAC4440E55BDFF2893F52C05902CE39C2AC44402C05D97F953F52C0497A5116FAAC44408AD7B290883F52C0803029E027AD4440633913727B3F52C0AFFBED1B58AD4440F3AC9B60753F52C0323151C385AD44408320244F6F3F52C07E6CE094B3AD444079E2EC3E663F52C0EC390E5ED6AD444056CA356D5B3F52C0052E73D9FFAD4440288B264B4C3F52C0DC86694437AE4440730969E73F3F52C09B15E1A364AE444004742FFB2E3F52C0467DCC9FA3AE444075ECCEDB213F52C09CCBB90ED5AE4440C08F1A8B0D3F52C03D5EE8E921AF444015B120A6003F52C0EB98E5BA4FAF4440BCE1746EEB3E52C04DF56CA39EAF44400DFFDF00DD3E52C06AAEB28AD5AF44408E57D908CF3E52C0580B71990AB044406557A79CC33E52C0E534F82535B0444090B4708CA13E52C02CC6D940B4B0444021D1965F983E52C03FA51731D6B044400F09DC798B3E52C00E57F9EE05B1444064AAE84B7B3E52C0CA62EFD53FB1444017B2AD166E3E52C0B604637071B1444063649D366A3E52C0DD4362E980B14440B4230496653E52C07E93730999B144408269227D5C3E52C00E4B7E37CBB144405650B067553E52C0AB5ECA61F1B144401B2C06F04A3E52C00E3A82762AB244400AA85C80443E52C056BA09104EB244403F075BD13B3E52C0E8D002737DB24440E011F8B02B3E52C0FF070180D5B2444069F6BB9B253E52C043D60320F7B244403B4951C21B3E52C075C1E9522CB34440B6DBDE210D3E52C0A8BD9A957CB34440F7EF585FFF3D52C0ED73B34FC8B3444010B1B253F83D52C08D0DC9E4EFB34440BB692908F03D52C0C1B823551DB444406AED4C93E43D52C00D81CD625CB44440F7618895D23D52C04DD315C8BCB4444040976B1FCA3D52C063FB7804ECB4444090DD6071C23D52C00F60A1EE12B54440075AA848B03D52C06C3A370934B544401A66BA08943D52C05D1604C865B54440F50023787E3D52C085E938BB8BB544400EF7E9716D3D52C0E5C03CEEA9B54440E4306639543D52C07D864C20D6B54440DBE09D053C3D52C078F58BA300B64440007166A31F3D52C00B3D479F32B644409A8C00AD0E3D52C0711A36C950B64440667C6F8CF63C52C04E7EDBFD7AB644406159D90EE03C52C0D90AF2B4A2B6444027C59940D03C52C004986E79BEB644405BA0102EBC3C52C04F533DB5E1B6444061D93298A63C52C0FEF2FED807B74440E32FF2008E3C52C03A151D2F33B744400B7F842F7F3C52C0BB2C52134FB74440E285E76C6D3C52C019CDE13A70B7444048C042CF5D3C52C0F6A9E1A18DB74440F22451894A3C52C0A13F279FB1B74440DDF682A9303C52C050D1150FE2B74440CC078511213C52C01D18F8ECFEB74440A57C5074033C52C0CA2F329C36B84440FF013D58F23B52C034FCDEE056B84440E713D8F7E33B52C0173BFA8071B84440847F66BDC83B52C0047D3F40A5B8444024CFD494AC3B52C02DB5A478D9B84440EAE1DE2F9C3B52C0559AB730F8B844404BD49A017E3B52C07460181D2FB9444069A338255D3B52C0385EBF1235B94440E00092752F3B52C0D760DF113CB944402E483ADB1B3B52C01B521B0E3FB94440FD3E5840F03A52C08DE3668345B9444072ACFBA6CD3A52C0E65708FF4AB94440B9303FF3AA3A52C0B445187A50B94440B685ADD3733A52C09260A0C358B94440694A3B86403A52C01C59694B60B944409EAC4DD4223A52C08A5E490565B944407B704D710D3A52C0FD51B12E68B94440E42F0A95E93952C041EA4CAA6DB9444010C24DF8B63952C0AF11FC6975B94440646968E8893952C0EE94C4507CB944404F86264C7D3952C074496EF57EB94440BC5D7005613952C08996FA9CAAB94440288AE23A3D3952C0BC904263EEB94440
131,-72.9953892621,41.3413560395,115kV transmission line,140334534,115000,line,0102000020E6100000030000004F64A856983F52C06CCD9BD0A2AB44407BCC34CAB43F52C0FAC9BB86BEAB44404B40F216D13F52C05DD2126DA6AB4440
132,-73.0355101875,41.2746501939,115kV transmission line,140334537,115000,line,0102000020E61000007D0000004B40F216D13F52C05DD2126DA6AB444013019560E93F52C0AAF9AC0195AB444028CF246E024052C01AF50E6183AB444019F7CC9F204052C03F3FFC0C6DAB44404E6E313C334052C026003A7173AB44407814ED8F504052C0C584A62065AB4440A1D26101534052C0266EBE792EAB4440E3431382544052C0CD070ABEFEAA44406744EAEC554052C01E9B8D0DCCAA4440845D47645B4052C0C651D8C8A7AA444042B728DE634052C02B37C0466EAA444082FF35C36B4052C04489BAA139AA44408AEB3E78744052C0BDF07B40FFA94440F49F9FE1774052C03E8D5309CAA944407C9D89997A4052C021AE90FD9EA944407B94ADE27C4052C01A47965379A94440C40D9574814052C0A5040A2B32A94440CC07BB0E844052C0AFADCE3308A9444023A8075F864052C025A60F5CE4A844404FE8C994894052C0EBBE11A9B3A84440E62CE1EF854052C049FB194C8BA84440BCFC82AC804052C0392969E850A84440C2223A957B4052C0FC0B962917A84440749CDBC3774052C0949FFDC1ECA74440323B8E35744052C0E32FB28FCBA74440D3F309285D4052C038289BF6BDA744403C85EEEF3C4052C0B3916B0FACA74440C2F33AEE2B4052C088D52653A2A74440997B6464044052C0638D8D578CA7444054DC137EDD3F52C05EEA8E9D76A74440260B6D81C23F52C036F26ECC67A744405B2BB566A23F52C06E0858B855A744400765FFC17D3F52C014FC1B3641A7444015F63E8B673F52C0C36C60C934A744406C477EEB4D3F52C02B4D626627A74440B878ED36303F52C0EF2FD070E0A644404C05C33C1F3F52C0E7C526B9B8A6444086C11F1B123F52C014D91F3C79A64440385B892E0A3F52C0756E96A453A64440266C7E28013F52C070F1E35B2BA644407F0A3E072F3F52C0F1B1BC07F7A54440E46E9D46433F52C03DCA0A2CDFA54440D2B9FA0F5C3F52C04D4C787DC2A544406BC396477F3F52C0DE40746199A544400D3C497A993F52C0FECADACC7AA5444009FEF24FAC3F52C0BB8D20DB64A54440DC93BF8EC83F52C00455559949A544402B64EA21EC3F52C0414C0C9D27A54440085F3E910D4052C0387AECEC07A5444017F7BF31274052C01967C05EEFA4444017312801494052C0DB13D760CFA44440AAA230EC674052C020E8A4F3B1A44440CC473E6A824052C0CD7CF35998A444408E49FD469A4052C0731CB07C80A44440FACC8B33A94052C0CCB52BCF40A444407F916D5DB44052C0950EF7AF0DA44440C1D43914C04052C06988BBA7D8A344401940195FCC4052C04A0FAD0DA1A3444053823740D54052C05B3CCCED79A3444000BAF429DC4052C06920AD745AA344403CF58ACFE44052C0E5BC40F030A34440A05B24AE034152C08ECE1F7E1AA34440B78A7919344152C050A34423F5A244401D9E31895E4152C0219CCCC8D4A244400D5AB8A28C4152C0704D45A6B0A24440CACBFF67B04152C0EA2BAFAE96A24440A948A19BD24152C092B8D50A7CA244403CB55BEAFB4152C061BA0CA05CA244405E48BE68144252C069155C0036A24440B40E8EE92B4252C0267BADAE10A2444058624477474252C0F55D0686E5A14440B373BA175F4252C0CA891F24C0A1444003BB1C197B4252C05D0279CB94A14440EB9F4C0C944252C039DE195C6DA1444036081D98A64252C0B877274C50A14440755B3365BD4252C0779D84172CA144402A0F4AD1D44252C03893EEAB15A14440E571ED25E84252C0D86F849A02A1444042CE09E6FF4252C045714E11EBA044401681977A264352C0110AD66EC5A04440B4DA34DC384352C08582E03BB3A044405226B558514352C09A16775D9BA04440B09B11C2644352C0B00CA03E7EA044404F0994C2834352C0619F6C5150A044405AD8A22BAB4352C015B3943016A044405BFE32CAB94352C04738855B00A04440BD4E938ECE4352C0A4DD0BA7E19F44400852D7ABEA4352C0BE9E7024B89F44401B4E32A7064452C0235AB3618F9F444018088751324452C0DB536F1F7E9F4440965D5FEE3F4452C03171E711799F4440E4806BF0574452C0FBA73CE46F9F4440B43FB580814452C0477777F25F9F4440D7A6931E9B4452C098A0AF48569F444037E78282B84452C0BDB5DAC43C9F444099B7E9FDC94452C0A407B3AD2D9F444056F27CB0F34452C0411C2994099F4440ABFF4A5A104552C0BF60306AF09E4440CB3CFED0194552C06B6CCA75DF9E44401B64A55B334552C08332C792B19E4440699C63EC3E4552C02F40C8669C9E4440B45DDDA0584552C0201056AE6D9E44401BBDFBB1704552C0C472BE7F429E4440F3EFA9D9864552C01EFD30981A9E4440CD2B34B89A4552C0DF298425FD9D4440BFC1440FAD4552C0E273022EE29D44402A97E77AC94552C0FAE894DAB79D4440E17C71CBDE4552C03E5FDE0A989D444095920D17FB4552C0C291FB4A6E9D4440C5CE15AA184652C0967AF37C429D4440EA33BAA8274652C06074DA3E2C9D4440CF9BDD053C4652C0623FC71C0E9D4440E9BBB54A484652C037682FF8FB9C4440E8668060564652C0AA8BC436E79C44402B9928A3764652C0FAB423AEB79C44401FB81B68834652C027A2D61A819C444032E01420914652C0C8F7847D479C4440BF130D45934652C0862AA925179C444082B59ABDA34652C0A31CFDF0D29B4440E191CAA2B14652C00928FD23999B4440A16DF9E0BA4652C03FD8BF7F599B44407F29A452BE4652C0C6749A9D1D9B444016C0DC9AC14652C057AECED6E19A4440577AD351CC4652C00D3168CFB09A444077C05511DA4652C0F7C24C69A29A4440
133,-73.4266361909,41.1880389715,115kV transmission line,140311238,115000,line,0102000020E61000001900000096209277AA5B52C0D37B73B49D99444063F3060BB15B52C0789593EAA29944405EE8C96ABC5B52C04D2E96BB8E994440C9DEF43CC25B52C0203A14566299444046B59312BA5B52C08FAF22A23B9944406A77B5B8A85B52C04727819A1F994440BF6F3114955B52C0C5F51AA5FC98444050A1FC07865B52C00083B1E5D8984440E93742BE825B52C037418919C9984440BF609A117E5B52C07EDC5F31B198444001B7D149795B52C055D8D4879A984440704897F7745B52C0453D769E8498444016DB63316B5B52C08037113E509844404F573046665B52C07B84DCE22C984440032A95795C5B52C0015E97B7009844409170F81F4E5B52C0D6C74033D8974440A5D94E913A5B52C0659C2C84B49744407A9C93EA285B52C09F0337E797974440EF8870181C5B52C0884328C681974440F8F54C74085B52C0AA0444475F974440DDC3C92FFA5A52C023C7CFB43A974440649D6A56F25A52C0A1B5791E0A974440E73975D4EA5A52C095FAFBCDDA9644403B24C7DCE35A52C0AC1E36D7AC964440C889784AB45A52C01D4D603FAE964440
134,-72.0426129589,41.5541097268,115kV transmission line,287508792,115000,line,0102000020E610000002000000C5458F4CB50252C0CFEBB87AECC644405F20D90ABF0252C067FFD9A7EDC64440
135,-71.9613632255,41.6810861093,115kV transmission line,17155736,115000,line,0102000020E6100000C10000008299362D8EFA51C005B242CBD5E84440B9EC5EA68FFA51C0BFEE36D49DE844402940E80591FA51C07D5DA8A169E844409E00277792FA51C01C3DA3E632E84440B38878DD93FA51C0804D6CABFDE74440D727CB0F95FA51C0543AF836D0E74440F0CAA32C96FA51C0491518B4AAE74440439EFC9897FA51C0BC3B9AAF75E744401E1F65DD98FA51C04E96A7B748E744406B33DADC99FA51C06A331EEC1DE744402C2602B79AFA51C023EE2F33F5E64440B6857EBC9BFA51C0D8F643F2CCE6444065763D7D9DFA51C055EDDA2F8EE64440E0A331009FFA51C0B055788753E64440046C1B60A0FA51C0103274561DE64440270B6E92A1FA51C0721677BAEDE54440048CD6D6A2FA51C02461E17DC2E5444015D00959A4FA51C0528323AF85E544402A5FE3FAA5FA51C05A99535E46E544407BB0EEA2A6FA51C060A491C919E5444031A0142CA7FA51C04253394DEAE44440D4893613A7FA51C0A35AC6B8C6E44440E2C9CE0CA7FA51C0A0A74EA68BE44440E2C9CE0CA7FA51C03380F7EB4FE44440D9C6CCBBA6FA51C00E5F8D0214E4444013970E39A6FA51C0FFE35DBFDEE344409AF2EFB5A5FA51C0212DD00DAEE34440BD7F97E8A4FA51C075FB025978E34440A3B3279EA3FA51C0E5D0C67542E3444007C96C7FA2FA51C03BA279EC05E34440A2715D35A1FA51C0F91B7A33D1E24440F0BECD54A0FA51C0C5EB08F8A0E244402407D309A0FA51C0E726218474E24440D6C23133A5FA51C0B9A060AD4AE24440F45DDC6EABFA51C05081F9481BE24440698728FBB1FA51C042265C7CEDE14440D6F81856B8FA51C01C4D8D08BFE14440D2061C5FBFFA51C0157803B18CE14440A9CAE743C4FA51C0FFF68BF869E1444055C0DAC4C8FA51C09D11957747E1444092ED60F3D0FA51C0281682A409E144403439FB4BDCFA51C0816367B7B8E04440851CAB3CE2FA51C093DBCB738DE04440EE77550FE5FA51C0766EEB7E76E04440E0C09215E6FA51C06ACF12365DE04440D239EF84E7FA51C03E16879F1AE044404E59D390E8FA51C02591C5A0F2DF444015D43733E9FA51C0A1F5F774D5DF4440852E49CEEAFA51C0F07541FC9BDF444070EF490CECFA51C01BD7D35B68DF444010A070D3EDFA51C0B39D862B35DF4440AE809C27FDFA51C0F017CF96F7DE4440DAD443FC0CFB51C0CE6BF380BCDE444035D6621820FB51C018076FEC73DE4440A776CC362CFB51C08A5E537246DE4440E6EEEB163BFB51C092727DDF0EDE4440197BF5D347FB51C0FD712D21DEDD444037C8FFCE55FB51C0EC3C464EA9DD444005DF786A69FB51C0AAB3B3955FDD444079483BE474FB51C09C9D462B34DD4440D33027C585FB51C0327C111FF4DC4440333D761394FB51C0C68C8163BEDC4440BDB75FF3A1FB51C0DA80DEE989DC4440901204E1AEFB51C0208B5E7259DC4440F7B6F3E9BAFB51C0C46EA9B92BDC4440F8FAF7F1C7FB51C082C46B20FBDB4440465C4DB0D3FB51C051FBACABCFDB4440D9F9F357E4FB51C00A74C16790DB44402F3C2F07F7FB51C0D4FFEC184CDB44401A2179D602FC51C0E275805D20DB4440E85E429212FC51C04C341C29E1DA44402D34CD6D16FC51C009EF06E2B8DA44408E3EE21C1AFC51C07633CB758ADA44403EFF81741BFC51C0D527F97E6FDA444009B9B65E26FC51C0081C2FA249DA4440609BC0A931FC51C0D34303451FDA44409B4FC85C3DFC51C0379B493EF3D94440FEE640264AFC51C0DED8D0ABC2D9444084A49A1455FC51C0F7B9BAC996D944404F2C69885BFC51C000C024826CD9444096D31B0863FC51C003F2B03E35D94440ABAD8E5B6BFC51C0B21A38DFF9D844403EE0E0DA72FC51C01F2E690AC3D8444027FA8A417BFC51C0445795AE86D844405ACB588882FC51C0A5174D0D4FD84440AE29CE0189FC51C094D515771BD84440B4C8E9898DFC51C0871A378FF7D74440144C704694FC51C0C8488000C7D7444051291C9599FC51C00920FFE899D74440B650FF07A1FC51C06AF38E0D5ED744401A48C311A8FC51C035DCD96E27D744402C1E9BDCAEFC51C0489A29C1F7D64440C81AF48CB8FC51C0CEF1FA09CCD6444062D582D4BFFC51C074CA1EA3ADD64440D7107A60C8FC51C063AABFEB89D644405BE5B20ED8FC51C01BFD86B64DD64440423B4548DDFC51C0DBDBCEDF24D6444079F480BBEBFC51C0E46926B8CDD544401F32180BF0FC51C06E8D5CA8ACD54440FDF1432902FD51C088EFA4FC94D544405CF4F63E25FD51C002EDC37E61D544404FE80BC92DFD51C06D42563649D54440D57E15973CFD51C0D6EC7E9F17D54440EB337FD74CFD51C0ABB816C3E1D4444067AE531959FD51C00181DF1ABCD4444091C7C52E60FD51C01CDA32BC9DD44440FC51CFE875FD51C0878AC9B879D44440273FA3418BFD51C00CE94CDC53D44440798FE1F9A4FD51C07222EA4626D4444078B86BB9ABFD51C0BCDF012E18D44440AB7FAA35C1FD51C018334970DAD34440A1802991CFFD51C0ABE346D6AFD3444028A0085FDFFD51C0A837841F83D34440951AC802EAFD51C0E3BB2BEC64D34440C09E8E40FAFD51C0CBA219BD4ED34440B50FA3F20DFE51C0AAE3CE0F35D344408860ABA72FFE51C0A429786009D34440BAC79EE34AFE51C044D84162E6D24440C4701DAE63FE51C00FA09288C6D24440A83F071979FE51C09EFE8755AAD244406A8A25088DFE51C043A231C290D244400742BA2E9CFE51C04AF8E4A47ED244401109C73EA6FE51C0249FDAA458D24440BF193408B1FE51C074610B8932D24440E07F7EACBAFE51C0B456E8B40BD24440BCA429CBC9FE51C04C44C927E6D14440B00C6F34D9FE51C0B4564B73BAD14440560CCA35E3FE51C0753A81319FD144408C43B8E4F0FE51C030C6C2D578D14440CA4D7C0D05FF51C039CB9EA540D14440170634E713FF51C05074B03B17D144405610F80F28FF51C00CECBE00DFD04440A74C512935FF51C03BBE1292BAD04440B592A46E4EFF51C0B434F7C773D04440E63C229559FF51C0DA4F2E4C54D04440F1E366C067FF51C0D1CC82D72CD04440AAC2754376FF51C05FE16F2205D04440737A56B283FF51C0E5725BF6DECF44400040E6B191FF51C02598F25BB7CF4440E974FDF2A6FF51C04986A4647CCF444086603F9DBEFF51C0E586D5363ACF4440F3A10321CBFF51C0F1B1947317CF44404DE15E8BD8FF51C068BF9543F1CE4440AF31BF4FEDFF51C0AA13BD61B7CE4440F56A1618FAFF51C0EF6F4B5893CE4440AA9CEC2D0A0052C0F26F0F9766CE44408FEBDC4F1C0052C0C7EE3FEC33CE444076EE8D1A2D0052C0012023D404CE44407A6DD44F3C0052C0CED9F18FDACD4440A795F7434D0052C094BB30DFAACD4440583A5DD15A0052C0924098BB84CD44403366902B6A0052C07E5077D459CD44402D92FA2F760052C047A9936C3BCD44404C0BB0556F0052C0C594A346FFCC444009EE59617F0052C0B2E60B76DACC44405516A791930052C060E932D5AECC44400A33D886A90052C04AF190057ECC4440EA22307CB50052C049334BCC57CC4440CFEA9E19C40052C09EFFF59826CC44406EE644B6D90052C026A1C9B0DDCB4440329A7D2EEC0052C09638CBBF9FCB4440FE5C8161FB0052C014DB935A6CCB44409892C8C3090152C07D75A82F39CB444088C94D5C0F0152C0E9AEEEF104CB4440EE99CEB3130152C0881D18CED8CA4440CBB5B7F7170152C0CFE9718BB3CA44402970D8EA250152C049D012028FCA44402D81D0D6330152C0F9F193A66CCA44404EB2AD75470152C0FC4C44443CCA4440248817EC540152C0B2FD01351BCA44401799E05D6E0152C0197ADBB8DBC944401BDAF7B27C0152C0BE698B71B8C94440DF347A948E0152C090957E4C8CC94440DF1FC8059B0152C029A6748B6BC944405A5391B0A80152C0EE8C25243DC94440D100720EB40152C04FED985014C94440A28012A1BF0152C00E6A7E3BEAC84440A294F73FCC0152C08C4EAEC4BEC8444024553EE1D50152C03DAB9FB59CC8444069233413E00152C07026C54778C844406BC0FB1FE70152C095DEE7165FC844407C1D556FF10152C0801B60063BC844400803A0E5010252C032B6317BFFC744402C267A7B0E0252C021D89DECD1C744403DDC8961190252C0C3BF1F77AAC744407A721DAB260252C0AE1C58547BC74440DF14B938350252C0D6C2578147C74440AC10B88B420252C050D7CD4118C744408E1B97374E0252C0495D39D2F2C644409AE4EA545C0252C0E9F357F5DAC64440319690776C0252C034F37D46D8C6444037860D6B8A0252C0BD9A2C7CDEC64440C5458F4CB50252C0CFEBB87AECC64440
136,-71.9118733946,41.8549799518,115kV transmission line,140404156,115000,line,0102000020E6100000380000008299362D8EFA51C005B242CBD5E84440C89511298EFA51C0A5AF0364D6E84440665989958CFA51C04D50925212E944400598C68A8BFA51C073C17FDD39E94440D6D362158AFA51C053CB015471E94440F800CC7588FA51C059A2D0F1AEE9444038AE65C986FA51C06A24C293EEE944405575A15385FA51C074D4D90B26EA44403835F4BB83FA51C0EAD6F08962EA4440BF2B49CA8CFA51C0615C06E39CEA44409DB03F2996FA51C019D7B944D9EA4440050555529FFA51C057B6534914EB44401B689DA5A8FA51C023807A5F50EB44409F134C94B1FA51C04F2733EC89EB4440A6B4AE29BAFA51C073256737C1EB44402767D8E5C9FA51C039E6C2E6F4EB4440350B305ED9FA51C0EF65A37D29EC4440E7A17806EDFA51C0A2C1DC536BEC44400EC265E9FAFA51C0CB4780BF99EC44401E8BD3E2FBFA51C0575EE770BCEC4440752B2033FEFA51C06BDD21DAFEEC44404D6FF2CEFFFA51C00F2C389726ED444076DB4553FBFA51C0887A35E640ED44408DD4066EE2FA51C0B3F2A7AF4DED4440911B394FCDFA51C040E1515A58ED44401E1E98EDB1FA51C03C1C31FF65ED444045699C019BFA51C030E3B56D71ED4440AF69630C8CFA51C0C7474CD7A8ED4440CC7E3FD782FA51C014E7C09FCAED4440625F8A4576FA51C0E53362E6FBED4440ABC9DAD463FA51C03C738AF340EE4440A9423F746DFA51C03C4639DF76EE444058D3B2F474FA51C06720739CA1EE4440B48945CD7AFA51C0EFBD8C44C2EE4440142FCE0D88FA51C0A8AF78140DEF4440401821BA8EFA51C0401B74B931EF44404D208B8377FA51C0041DED7976EF4440AECD755D65FA51C07CC773DFADEF4440A44900A644FA51C07573D939D9EF444045C0BE9D24FA51C04A4AD71104F04440C898CBCA0CFA51C02982543F24F0444083CF2335F8F951C008D44EA141F0444014612DFBE9F951C0447A8EC240F04440E97D0249B9F951C0B8A931623FF0444023795BF793F951C03466E7793EF04440BF1DD86E7DF951C0524CBBF73DF04440D3E973415CF951C03CDB68EA3CF044409BE3647D3CF951C0237488BA7AF044407A9954A326F951C0DF031FC1A3F0444058C8A8681AF951C026A25A75BCF0444007F7A37716F951C02CBAB98FC3F04440A4CA7FD612F951C0256488C0CAF04440BF1FC52015F951C0A4C0B39CCDF04440B4FAC04B0EF951C08757B0A4DAF04440431AE13FFDF851C050BF3D83FEF04440BEC7DB79FBF851C0008DFC7618F14440
137,-73.4810115738,41.0751802786,None,141177571,115000,line,0102000020E610000004000000A170A9E0CC5E52C05AE5BC9795894440D37FB375CE5E52C02C6D468B98894440AD0CF291C55E52C06081916FA48944408D686B9FC15E52C03C781C83A8894440
138,-73.5028740603,41.0694868023,None,141177570,115000,line,0102000020E61000002A000000C6F00266506152C0D757C93DFC87444023E0905E546152C0ABEC9D2A0888444097B026545A6152C0211C139F1888444015E94A09576152C05AC25CF330884440C9B41A93536152C08CA055C448884440A391338F4D6152C022ADF7FE658844405D9CED3C476152C02F8ADC917D8844404DFF10923E6152C0C333CBA695884440248F3C61346152C0CCE5B463AB8844406B4720C3206152C038CF25A5CC8844403AA67E53136152C0F02ACBA1DE88444032D16E3A026152C0EBE10FA2EC8844400E7C2E2EF16052C068ED2C78F7884440F3F9D009E06052C0A9CA282F00894440F12AB0F4CD6052C0459DAB57068944402A2CD15CBB6052C05B27084109894440B061223BAC6052C01D83F5650989444090B04B53956052C00075D2DB05894440F9FEA530856052C034F4F1F301894440E4E275E2736052C00586B7D8FC88444096483272636052C0C632A7F7F8884440D91C36C2506052C0DE12E5B0F4884440EA2A82213F6052C0764A8A86F0884440C231E55E2D6052C0C96EDED0ED884440AD6C249A186052C0BF46410EE98844409D62B927FC5F52C0C6ADD0D5E288444087B063E4D65F52C0B68D845DDB884440002B7E8AB35F52C0344536B8D588444074D10FA3955F52C0C29D787DD4884440BE17240F725F52C04BCAC39FDA884440B115D5D1655F52C0BFFE1596DF884440A3E11F1E555F52C0CFE610E8EA884440DD6D5D93475F52C01B89D45EF8884440345134CE395F52C0ED8D682408894440A8E45A652C5F52C01BF7E9D9198944402D5153E81D5F52C0C05314C32B894440836BD1C7105F52C04D4089C93C894440A3BBFC2D035F52C0F793A0B24E8944407E16D5D3F55E52C09DD02A6160894440574F9E87E85E52C0DB0EC55F72894440D9F23DAFDA5E52C0CD257EE283894440A170A9E0CC5E52C05AE5BC9795894440
139,-72.5727440565,41.6215419251,Portland - Hopewell 115kV transmission line,141130132,115000,line,0102000020E610000068000000F43F35B4802352C0205682F824D7444027443661732352C0F9C0C2D72AD7444044FB0DF9732352C07CAC95E019D74440B47EB6C1752352C04C2454DBE6D64440E9D86676772352C03AF0D70AB6D64440D2473959782352C019D500B39CD64440E35B4D72792352C07E124F4B7DD644406BD0612A7B2352C07CCDF52B4CD64440665348267D2352C0023EB26B13D64440F89A3FC67E2352C0A7B1BFEFE4D5444068EEC825802352C0588C3CADBDD54440C9D8225E812352C04F23F8BA9AD544403E694266822352C06E72E9437DD544403356DC22842352C014FC6D974BD54440075690DA852352C04B31B06C1AD54440CBEC146B872352C0CDDEC2ADEDD44440C2CB9EB0882352C0D4BE0F50C9D44440550C0E158A2352C07809637AA1D444408A2F17258B2352C007E76B1583D44440480E40848C2352C0C87DDCDF5BD44440426107178E2352C0496634D22ED4444052832BA78F2352C00DF7122002D44440983F8347912352C0792F4299D3D344405C062741932352C0B23134189BD344400FCB6121962352C02AE151D148D34440198EE016982352C01FC59EC110D34440428CD8E3982352C0BCC88FD4F9D244401725C68D992352C03DC5E2DBE6D244408C1524689B2352C0417D0CD4B1D2444097D11A229D2352C0F96A877180D244409224E2B49E2352C0F624696B53D2444007E0D289AA2352C02CF8D29B49D24440291E0D8CCA2352C0B9BE17122FD24440E5F4D351EB2352C0959F16E613D244404F2634E3F92352C08E8260D207D2444091BB21870C2452C02F17335EF8D14440C10A959B192452C0A3223DEFDDD14440D47D27052E2452C03AC0C5AFB4D14440F0FA43FB422452C0CF98B0538AD14440E88D740D502452C05DCBE1E86FD144401D455C05612452C09C9DB89D4DD1444048A08B15712452C00CB772262DD144409D670EAA7C2452C01F2C84BF15D14440F21B332B922452C0A5BB9049EAD0444036116C0F9F2452C0821ABE3BD0D0444077E24EF4A72452C0D6A21142BED044404BA1BFCEBD2452C07E39DA1692D044400EB3EF0BCD2452C090AA5B4A73D044404BD25855DB2452C001519C6A56D0444074B409EAEE2452C0249AB7D42ED04440667A39AA012552C0A5DB3DEF08D044402DA2AF6F142552C09B7653FEE2CF4440B91EE05C262552C0BC213DC1BECF444002E59A3F3C2552C06ABAE18492CF444021E2CA5A472552C0A357D5117CCF44402CFBF857582552C01FD5C3B859CF4440958A43406A2552C007C4E78635CF4440353DA4A6762552C00A8936751CCF44402BC2AA65902552C0143AB969E8CE44404F582E4F8D2552C07A8D7547CFCE44405AFBFE3B862552C0376E43BD95CE444056857AE1812552C02AAE6C5172CE4440545A9CA67D2552C0419579E74FCE44403C0E3313792552C0B6E234AC2ACE4440D095BA7C722552C0093ECA14F5CD4440C1935ED16C2552C06467CCF4C6CD444021F39BFC682552C01FE30BCCA7CD44400AC9415B642552C01011E41F82CD44402740A305602552C0AF1250DA5ECD444087381A235B2552C06AF8461D37CD4440AD1E855A542552C0DCB10DEAFFCC444047EEC5304F2552C0F1CC74E6D5CC4440909C1AC8492552C0F6F138E5A9CC444045D104DB442552C0247096CC81CC44408BABDD523E2552C0E153D0A44CCC4440F76FAF1C392552C08D601E3D22CC4440F5E4920F342552C0675A4622F9CB4440148284583E2552C07F487FB0DBCB4440A534C3B24F2552C0FDEB4003AACB44403E863771582552C098AD83F990CB4440F16EBBE2652552C0880A347D6ACB4440D329B340752552C02AA2FA7D3ECB4440229B6CF17E2552C0D37517BE22CB4440E34A0AE18F2552C04ED51940F2CA4440F559D05D9B2552C01B2C685CD1CA444025D2DA9FA82552C098E3EA65ABCA4440A579E197B62552C0BA17FD6683CA4440B78AEE21C62552C05765D5E856CA44405DF66A3BC02552C0CCD6383337CA4440C696E605B72552C0E81F7EB405CA44404728CEBFAD2552C0E01BD6DBD3C9444060F2036BA42552C020B7C6B6A1C944404ADD5B58932552C0A2F197CB88C94440A0F5922A822552C0264342686FC94440A28A58DE6B2552C0A0BD19344EC94440E513C37C522552C091D5F5E827C9444071ED8AED362552C00BEEEBBDFEC84440119154512C2552C093B371C1EFC844403952D051202552C0F28A5DB8D7C84440C788CF05142552C07A514534C0C84440662C9969092552C0705F4EA896C84440A7F02B59FF2452C0F4EFB0E36EC8444059C13C11F82452C0F73503A753C8444016FAE8F6E02452C03AD8523727C84440
140,-73.2068295196,41.2259802789,115kV transmission line,140990214,115000,line,0102000020E61000002B00000098F7E95E474A52C0A2D2D1B9CE9D44403975DDBF5D4A52C08C272FBFCC9D444029D125078B4A52C0771988D0E59D44402848F0C6C64A52C01477D290D89D4440522E2F76E24A52C0D86AD7DCD19D4440037B65F8054B52C0D63A94CFC89D44403652FBF81F4B52C0D91D67C8CD9D4440D763CD41464B52C022E85040D49D4440ECA03224774B52C0B8916909DC9D444042720B8D9D4B52C0FEC2D211E39D4440AF16CF0DCC4B52C0F627AE63CE9D44400BC3C5ADE64B52C031AF273EC29D44406C0F4585294C52C04D45DFEEA49D44408B77C9C83D4C52C0D564BDFD9A9D444008B3A13A624C52C0EB6F0A458C9D4440D4843C70884C52C0153BE4757B9D44404210DA23AE4C52C024538DFE6A9D44407896D5C2D74C52C0B5620A3C589D44402756A82AF24C52C0BC443305419D4440A18B9E06114D52C0E9108BC4259D4440FE6273E12F4D52C0DC3C0ABD0A9D44405646F749584D52C094C1871FE79C444025B5598C854D52C03D352F2BD99C4440191CD205AE4D52C093BE515ACD9C444043D42BEBD34D52C0775E585BC09C44406A243837E24D52C04768B43DBC9C4440025A65BDFD4D52C09D457254AA9C4440EE3DE29C224E52C0AFD8A1AA929C4440A64E4A283C4E52C0051D6E1E829C4440DDD8D3E16D4E52C044E2C4E17B9C4440A24501C3814E52C0C528ACCF5B9C4440B61C60199F4E52C012DF66CE499C4440E9BA0768B44E52C08873E01C3D9C4440F12CC5B1D94E52C009B05901229C4440F3C37132044F52C06A8D74F0039C44402946EC241F4F52C0C361068BF09B4440882A1E634A4F52C007E04031D49B4440C8B25BD1864F52C0FA1E5C98AC9B444036678344B34F52C09EE7E15D8F9B4440C9950145E24F52C09C451097709B444023E29F36095052C01A43B118579B44409AEFBE66155052C00D89809A4D9B44409F3E000F175052C093015C50559B4440
141,-73.1242221901,41.2280247813,115kV transmission line,140838597,115000,line,0102000020E610000026000000BB51CF76D74652C0D7961840DF9A4440179BD387C94652C043990A23029B4440DEBC8193C94652C0EF86FA081F9B44409066422BC64652C08BEDC38B5C9B4440EA6D6F65BC4652C08EA7EF019E9B444097AFC887AE4652C0E02A30E9D89B44406A3912C19E4652C0F7A087FC1A9C4440F5C125F49F4652C0732578BB239C44408023E906A54652C0A05CE4634F9C44405F819CB3AB4652C0542A67008B9C44403565230FB34652C03F6EC882C89C44402410CC18C64652C0FAF254B9129D44400E65AB3ED74652C025867C6D529D444041BA00E9E94652C0B22A1E9D599D444040D821801E4752C069693CD66D9D44405DC3992D2E4752C0F4712E58769D4440A34CCBD53D4752C012FAD699799D44400100648D4B4752C06BD3D2367A9D444061649C82734752C0C18ACCD3819D4440BAF7450B994752C003EB899D899D4440B24C3ACFAB4752C023CBBB498D9D4440930DFAE6CD4752C09EC7F7919D9D4440C9380550EC4752C0368497C6AB9D4440B4D7B0371D4852C0AA13D5CBC29D4440A166059B494852C0B2D526F4CA9D4440C47C2FFB7F4852C024042102D59D44408A6F2B4DA34852C07A49D680DB9D444078A964A2D04852C04054F933E49D4440894CFC98F24852C0CA0A5534DB9D4440644509FB0F4952C0195029F3DA9D444082B1017D394952C0C4099F88DA9D44401C18D5F76B4952C0B1CF580DD89D4440D4C5F721934952C0083F2F52D69D44404FF465C2B14952C09834AA28D59D4440FF357980D34952C03C6F70A8D39D44401EBF3258074A52C0479C09A3D19D4440505AC6A9314A52C07E96B395CF9D444098F7E95E474A52C0A2D2D1B9CE9D4440
142,-73.0859088289,41.5629958396,115kV transmission line,140829190,115000,line,0102000020E6100000020000006D22ECF87D4552C03D59CB0506C84440A2359116814552C0E23400791AC84440
143,-73.0859400277,41.5636801875,115kV transmission line,140829222,115000,line,0102000020E6100000030000006D22ECF87D4552C03D59CB0506C84440499CCC017F4552C03CE93C2C1EC84440CCBC5EE3824552C0420DBF3347C84440
144,-73.0801519432,41.5780546776,115kV transmission line,140829209,115000,line,0102000020E61000001400000015B4B1A86A4452C011EAE69A8BCB44405557AFC37D4452C0146F4BBB60CB44401AA4212E8F4452C0B718DA9937CB4440D5E27BF1974452C0133749DB23CB4440DA40472EB74452C0C6B0D8E7DFCA444026B42D10D24452C0C385ABF7A2CA4440549538FFEA4452C08E86198C7ECA4440C7B92981024552C0654EB2165BCA44402B95B3C0154552C0C7BDDB4A3ECA44407A0E6FCA3C4552C0BCA9482D04CA4440AC05C041594552C0CFF25C70E7C94440DA8445516D4552C0891AAC55D3C94440D854197A734552C0E1142F1EB7C94440B7BB9B6F7E4552C02911E75382C94440F119F41A7B4552C0E2ECA4F05DC9444031373033784552C0AF5AA3C436C94440BD6A1BEA804552C01D63228BFFC844404E7B5E77884552C0D8976324D0C8444007DD7A40854552C0FF15451582C84440CCBC5EE3824552C0420DBF3347C84440
145,-73.0685929484,41.5907361007,115kV transmission line,140829194,115000,line,0102000020E610000002000000016AA9FE5C4452C0859138E0AECB444015B4B1A86A4452C011EAE69A8BCB4440
146,-73.0859088289,41.5629958396,115kV transmission line,140829190,115000,line,0102000020E6100000020000006D22ECF87D4552C03D59CB0506C84440A2359116814552C0E23400791AC84440
147,-73.0687527902,41.5564799888,115kV transmission line,17201343,115000,line,0102000020E61000001A0000006D22ECF87D4552C03D59CB0506C844402B180EF4764552C06FF7BE27FFC744404B7108A36D4552C003D0063FF5C744402DDBAB035D4552C05C83AB1BEAC744400DD8B32E3F4552C03D1C2A1ED8C744403BBB58FD254552C0CBC792ADC7C74440348B58AE094552C066C24351B5C74440E4B39871EC4452C0B2367CAAA2C74440A7BB7F48DA4452C0A661546693C744409A7CC1ACBA4452C03B31D17B79C74440B5A2B47DA34452C0C853285766C744405307BB07884452C00CD15D2D50C744406F7FDC33714452C0918AA15C3DC74440CA46A0EE5B4452C0844F24622CC74440DB79E8F2484452C03D57E7081DC744404FF2A1AF2E4452C0EB14D39B07C744404B0F8F8D164452C0E491825DF3C64440E28B1A7DFA4352C06E5894CFDBC64440F50B50AEEB4352C0BBDBC0FEB6C644405C0AC33DDF4352C0CD89315C99C6444067B96902CE4352C0A76FF3D999C6444039CEC2DAC94352C0269A0C409BC64440DFF3F3DEB24352C08D2E46FEA2C644403B6996AC964352C055E80EABACC64440CF6A5C137A4352C0A833C7CCDCC64440E191DBAD6A4352C09AB039000AC74440
148,-73.1818320554,41.1821261865,None,141310697,115000,line,0102000020E61000002C00000074A17DC6D74B52C0CCBF0A0719964440D1A2A950E44B52C0DF10936322964440FAF70339E84B52C03B02E81C529644405AD2F97EEB4B52C09D455E6387964440C3B8C05EF34B52C0242414FCAC964440B0C9A8EAF04B52C0F6FDB087B89644405C6FC18BF24B52C098CCAA6FCA9644406D31A749F34B52C0EC98BC61D4964440022D5F92F34B52C08426B730D8964440497B68E9F34B52C04A7A19C1DC964440B40F0EDCF44B52C0B53F9104EB964440E27ABBBAF54B52C0CD133483F89644408B53E077F64B52C07E995623039744406652FBF7F64B52C00A1D81F60D974440CC1225CBF64B52C02B9FB38A18974440799F0A31F64B52C02E6796FA229744406BF8AB29F54B52C0451FC28E2D974440E8F7D4BEF34B52C016424EC93797444036674762F94B52C0C253B0AB4A97444076E4C14CF74B52C0A03EC9D2529744402FFD8B71F14B52C0EF96883D629744400A6A0F17E64B52C068B1CF1088974440F2521389D74B52C06C3157E29B9744404ACAD519D34B52C02ED12587A2974440FC7396B1CF4B52C044155449A797444081747A8ACA4B52C08A78C75FAD974440042AB843C54B52C05012FDA0B2974440B92E83EDBF4B52C0A121952BB79744409CEC8E48BA4B52C08CEB2DC1BA9744409716CC1BB54B52C0FB913661BD974440A72DDA55AE4B52C09F9F6670C09744402EEE4741A44B52C0A779479CC49744404C938EB5954B52C0BB56DBC9C897444025C38820844B52C0215F65F5CB97444024F4670B724B52C04E9EE6A1CE97444043122DFB5F4B52C0669EE15AD1974440B86C65E04D4B52C0C04C331ED1974440557367373C4B52C0C74A23FACF9744406628FDFF294B52C05372F43CCE974440F495B0C6174B52C09CAA8157CC974440F0A480BF054B52C0252037BBCA9744403A084913F34A52C06F24C4D5C897444073622012E14A52C0898CF2C2C6974440553C6637CF4A52C06B211FFCC4974440
149,-73.1574005883,41.1852596023,None,141271861,115000,line,0102000020E61000001B00000098AC4AC8E94A52C0331AC18BD397444053370B2DE04A52C04E2ECACBC7974440553C6637CF4A52C06B211FFCC497444087DEE104BD4A52C02DBCE99FC3974440FF91DDEEA44A52C07EB6A4A2C1974440DC7E674B964A52C06DC1BF86BF974440F6F67B09864A52C0407E0DE7BD9744400A0963F1754A52C021F6D52DBC9744402F7DF1C4654A52C01CFEE998BA974440F396839B554A52C0C34EE3FEB8974440B8B01572454A52C0BC90D07DB79744401D1B903D364A52C08BE71DDEB5974440E5419953254A52C05A7D5C20B4974440FBFC10B2184A52C0EAE5E0E7B29744405562421F054A52C06D33EDFFB1974440E308F105F14952C0C7659A41B097444025043808E14952C0F04C7BD9AE974440F0BCF2D4CE4952C0BB5D5580AC97444084E201CDBC4952C0887B0DCFAA97444025048BDAAA4952C0E6E8E5F2A7974440E73B911A994952C0748E2D8EA6974440CD59F523874952C0BC7CF778A7974440F30D0753754952C0DAC00CF5AA97444074E60612644952C082694927B1974440375073C8564952C0D6C22FFDB89744402C178A54434952C0B7273E90C797444045B19328404952C0CEF3EC42BE974440
150,-73.2712169597,41.1433145847,None,141177703,115000,line,0102000020E6100000B80000006B97F339D74B52C0E0351A62119644408F5FDD99D84B52C0E53998E011964440EA55E65FE34B52C0F333E0C90E964440043401AAE64B52C052C1660B07964440DE9B2945EC4B52C01FEA687EFB954440136F4B07F14B52C0A9CC4C73F095444092B28512F64B52C02BB014AFE59544405D0A351DFC4B52C0C79F68D0DC95444010A81FDD024C52C0FACCF61AD59544404616C29E0A4C52C071CCB919CF954440C5D26DB7124C52C00169BAA5C99544402A7C9EEE1A4C52C0ABD5F249C5954440D7775929324C52C08ECFC446BD954440BAA43A59444C52C0200F60C5B9954440373301A8564C52C05F525986B695444034956CAB684C52C0C7FB0B80B39544408E143E037B4C52C0523C037CB0954440B51D324A914C52C0BD8A224FAD954440A8A0D71FB44C52C05582212AA79544404D09403CC34C52C04F1CC5F0A395444047200520D54C52C07733E3C3A0954440EDFA560EE74C52C04D8B05A89D954440BE9CF924F94C52C093B8099C9A954440703C1E840A4D52C07F279D6A97954440C2DAFC7C1C4D52C03725B7529495444089799D422E4D52C0E8EAC1429195444004B63536404D52C09032DE158E95444049368B27524D52C0677593468B954440A9B4C347634D52C09FE9DB0188954440F056282B754D52C0832DB4F884954440D59E9011874D52C0B16502EB8195444019F64ED5984D52C0AE79D5D07E954440F21F2EB4AA4D52C0BAB0E5BC7B95444050B3FE86BC4D52C0A0C079D77895444084D1AC8CCE4D52C04FD1C78E759544409C68A263E04D52C00DFE29B072954440135FD565EE4D52C0A8F7DB1B70954440B6606A06034E52C0252D36A56C9544401EE91F451B4E52C0E859AB8866954440D00D8C89254E52C06DBFF3F362954440BD2683DC394E52C0A340DCFE5A95444059CEB3104B4E52C009DE304453954440F0EFFBF7594E52C0416C26444C95444062E90E3F6D4E52C04403787743954440D1D076867E4E52C0AC26208D3B9544409C53F75D8F4E52C07DD9948531954440155CD55F9F4E52C033675AA3249544403E059842AE4E52C036EF562D1595444085C7C40ABC4E52C0A7562907039544407D2AD6B3C84E52C03240944EF0944440BCB9E1C1D54E52C073BD91F2DC94444005DEA0D7E14E52C06A8C87E3CA9444409C46F455EF4E52C045DBC8CCB6944440EB20BB21FE4E52C0D5E13BBAA0944440D25144480B4F52C06D7666038C94444069B30F8B184F52C04DE06D6F799444409E98CFDE254F52C0B48C408D659444407789C00B334F52C0E319A8DE51944440D63C59C3404F52C09A85D34C3F944440B8D795AA4D4F52C0091D53D12A9444400E7A1C9A5A4F52C0BB8E5DF216944440ED29F133684F52C02C4603B802944440A6EFCC7B744F52C0D34B2DAEF093444098C31921814F52C054F9D668DD934440689394938F4F52C005B61FF9C7934440C3BB03D09E4F52C0907100D9B09344408F10AC4BB34F52C030AF6C5A90934440F422EA9DC04F52C0F3FE65C678934440660A5F53CB4F52C019E8F5A562934440E72AE4C6D54F52C0B128DAC74C9344407CF8B645E04F52C0FBA149D136934440AD195F6CEA4F52C0AC14602C21934440D7B95206F54F52C0E9632F2D0B934440F9A1EA6EFF4F52C0D8F74D5FF59244400C5172190A5052C01D75D0CBDF9244404A197947155052C0CA1C161ECB924440E8501425215052C03281DA68B7924440D04AF6A62D5052C0300086C4A49244407EA4B5143B5052C03D622EAB92924440E2ED9A0B495052C0EB55E95882924440A132D764575052C0A7DD41B472924440725B086E665052C08F65DA2F64924440E6C611F5755052C00A503428579244402ED29061865052C07761B0154B9244403355721F975052C0B44FCF2241924440AB049A8AA65052C0A700A68239924440D5061304B65052C0CC176CFF319244403281B09BC55052C042F40D492B924440665D9438D55052C07E1546A424924440B013F896E65052C090FB57201F9244408B585E2CF85052C0370810101C92444098F3D9ED095152C056A0538B1A924440DE6CA7A31B5152C01E8F0430199244406585FE352B5152C022533707189244401D04C2783F5152C002979E5916924440E90F1850515152C037F1D81715924440CB0CDA16635152C00CC63E9413924440AD099CDD745152C05FBDE751129244404F7738BA865152C06E5D3FD610924440F1E4D496985152C0CC39E8930F924440BCF02A6EAA5152C0405139070E92444033C00D50BC5152C0F7C4EFF60A9244405A9013E5CD5152C05262284E04924440084A1125DC5152C0C1B01B81FC914440F0AC00C2ED5152C04D25CC0CF1914440AB7BB8C0F75152C0906EC58EE6914440EAE3801C025252C0F7B46633DB914440D79123470D5252C08B585D8ACD914440DEE639171B5252C0EDDEFDBBBC9144404E2511E8285252C0EFCC87F5AB914440C6EB2481365252C0DDA16D4F9A9144409D1A458E445252C097EFE1BA88914440A3D4DA5E4F5252C04FD639057B9144409CF0E0705D5252C074C81E366A914440A1EAEC2E6D5252C0306E7DA956914440F214A8B6715252C06D95A4DB50914440E24D745C7B5252C0982B897F4491444079B6C7DA885252C0FFADB20B34914440EAD4E334945252C09553D95D26914440E2D9FD18A45252C0C920327E129144406C840662B25252C06BCF4FF1009144409CE52476C15252C0992EFD32F090444032F5C15DCE5252C09508696EDE904440F3798E80D45252C06A810894D6904440A233992EDC5252C010CDF524CD904440FE409B90DE5252C03C8C4240CA9044409C5634EAE35252C035C7BDB4C39044409C481705EA5252C051F1A2D8BB9044407E51AFA3F15252C06F59E3B3B2904440B74A7BE0F75252C05644D88CAA904440B4D33604065352C05639421D999044407A7718F8135352C03DA373F387904440827071A22F5352C08323D53B6590444051EEBDB93D5352C091AB18B7549044404A335BF94B5352C00B7203B645904440197124B55B5352C0778C131B37904440205698C06A5352C090C36AA82A904440F9386C087E5352C023DCE9C51C904440BAB8EA8E8E5352C0250AE9D6119044405E11EFB89F5352C07CD327AB06904440265051ACB05352C0461C626AFB8F4440803FC5C8C15352C00E899829F08F4440C0F226D6D25352C07D9809EFE48F4440A7A5F052E75352C05F6A67D1D88F44400791B73A0C5452C0F964A4ABBF8F4440AC7B60AD225452C0F802F507B18F4440E94C29B6385452C0C1B87044A18F4440A98C24E14A5452C044EDF780958F44409B2D3E206C5452C07D4E162D7F8F4440048193C7875452C02A9E70AC6E8F4440388FDDDA9B5452C01A579B35668F4440C03792A8AC5452C029A82B65618F4440FB7D3EA4BD5452C0EB41F9A25E8F4440EA3FD3DBCE5452C00FFF8BB45D8F444026867FD7DF5452C0CEE02F1A5F8F4440DA1794BFF05452C0EA3D7767628F4440C485A620045552C0D94B0580688F44403AFCD26B155552C07F38C56B708F444037FEFF9C265552C0222A92FB788F4440420530C86B5552C075DAFA8C9A8F4440528B13D77C5552C0FBA90E02A38F4440EAEE25278E5552C089DAFB4BAB8F4440CB99B9929F5552C0862E0FD2B28F44405B8C7B48AF5552C0EE8A90D1B78F44407028A5DFC35552C0D7ECB4EFBB8F444072205D22D65552C0F342E540BD8F44403C3AC370E85552C04B789C3EBC8F444002E0EB71FA5552C0CEA93B9CB98F4440C541F68E0C5652C0B9D745A5B68F4440DAB6DC731E5652C041688D9FB38F4440B4B09CE92F5652C0332B5BE1B08F4440262CFDF4435652C0D2E0CD6BAD8F4440E460D55B545652C0AEE16BC9AA8F4440D41BE257655652C004FCB517A88F44407CB80466765652C032E74F21A58F44406FB72F46875652C083218B62A28F44407471B8A8985652C08BA0A1789F8F44404E2D493EA95652C08282DA8F9C8F4440851697ACBE5652C0054ADE44998F44400CFFCED5CD5652C0831A89AF968F444067B9E25AE25652C0A3179286918F44402A1BED77F45652C0C59D0D988B8F4440F7485241065752C0F064244A848F4440510419DA0E5752C0789B649C818F4440
151,-73.3606178742,41.1211713332,None,288022939,115000,line,0102000020E610000003000000510419DA0E5752C0789B649C818F4440524FB28B155752C0B2D9DA5C838F4440BFD006D9195752C09FCE7CE4818F4440
152,-72.2317680943,41.7091632809,115kV transmission line,17169991,115000,line,0102000020E610000009000000E0397796A60E52C016D2AEF240DB44409BE62C11AA0E52C01568B72539DB4440B97A42A3B60E52C0EFEEDB5823DB44400635418AC90E52C0B0B6864104DB4440550F0856D80E52C08DA3C182EADA44407C6BEA79DC0E52C0AC94A28DC8DA444027C8A308E20E52C00C5BFF5C9EDA44406ACBF9D1E80E52C07F8AEA3D67DA4440F7DE2912EF0E52C0662C378E3BDA4440
153,-72.2339674594,41.7036890576,115kV transmission line,189800962,115000,line,0102000020E610000005000000F7DE2912EF0E52C0662C378E3BDA444051D3EBCAF50E52C0B9D90E6310DA44403C9F025FFF0E52C01EB756C706DA444025A701C6050F52C077348E2EF1D9444041550A15020F52C0099A8971EED94440
154,-71.7764577367,41.4152551891,None,19366096,115000,line,0102000020E6100000560000000BB7B2CC29F651C08ADA6AD1D5B44440E1889B9628F651C0544D3AB6CFB44440F6E50EC225F651C0EEFF6C36C8B4444034E3D5C7F0F551C0FCB06757DBB44440272BA61ECEF551C0525C9742E6B444403EE2A93EACF551C08FFF6E78FDB44440FA2DB4378BF551C09B2C951914B54440785200BC74F551C02390068123B544404A09A83344F551C030FBC27E33B544409862FB9832F551C0DF8086BE00B544400333A33A23F551C0FFD53370D4B44440BA8EEADB13F551C0BD0C1421A8B444406760A13907F551C0C32C7EB483B44440225FD8E1D4F451C03577CD0790B4444057184D4BBAF451C0864F078B96B44440625517AC9FF451C00F36610F9DB444401B512DE988F451C0C15867A2A2B444406716888A74F451C0FDAB179FA7B44440ECC998125EF451C0BDF1A91792B444408CB2336E47F451C08E6A5B667CB444408C03DB3D31F451C02587C42367B44440B2D7B4511BF451C073A4D02352B44440694F36BDFFF351C0B56948BB52B444403801832AE0F351C0CFA70D6B53B444409E99E2BFC6F351C04901A7F653B444400BC2D34894F351C0B45C6A0E55B44440D00B92F67DF351C07F7D308A55B444407A63434D5EF351C0734DD43856B44440F95D8BF423F351C00CAC8B7B57B444406DAB73E4FEF251C01036C4796BB44440633755B1E2F251C0D1275AB07AB444406FF425C9C4F251C02211A17483B444407015BB9DA7F251C0867A13028CB444408F5F11DC8DF251C056AB5D8E93B44440ECFD4AD771F251C0805FE4C59BB44440354F682B5DF251C0D7B8AFD4A1B4444042DC264838F251C0C61AD2A4ACB44440CB5108F020F251C0BCC25C7DB3B4444077C6870A05F251C0637E1EAABBB44440B90F6F4DEDF151C0A13E09A0C2B44440687825FED4F151C0145355C0C9B4444077727F50BDF151C068F626B1D0B444403290A47FA6F151C034FA8961D7B4444043BA2AA988F151C096763221E0B444403F45733E6BF151C0056A11C0E8B4444003367B5554F151C0F73FC877EFB44440593C14963AF151C0B5008C04F7B444406F35D5B021F151C09129E150FEB44440C7C20952FEF051C06DBFBCAE08B54440D7E5FAD1E6F051C010CAF0910FB54440F95C83C6CEF051C04474649E16B54440EF3B5370A0F051C0FCBF9A3324B5444089CCDDDA83F051C0F481CE942CB54440377C9F226AF051C0D3B3B01E34B544408D79691A4CF051C0399FF1EC3CB544405094BB7229F051C028A9091547B544406229A3320EF051C04F759AEA52B5444013793316EDEF51C021C6274B61B544400A06EF40B1EF51C0EAD9DA457BB54440D4A1E8B794EF51C05FCD50AA87B54440211EFE2277EF51C05472098294B54440297060365DEF51C0715070C39FB544402BCF31593AEF51C02A04D0E6AEB54440B37BC7131DEF51C09022229DBBB544405ACB69A3E6EE51C0CF97703FD3B54440A6006709D1EE51C039B071A0DCB544403E6606CBB6EE51C017AEE905E8B544405B57A6729CEE51C023818975F3B54440519C7CA881EE51C0A3BC6F17FFB544403B3C485263EE51C0A780BB430CB644400C7BF8D94CEE51C091234C0516B644408BCF63C736EE51C0CACDC69A1FB64440D7990C0518EE51C073F65AF52CB644408852AA03FCED51C01194381E39B64440A6E30BD9E0ED51C0517045E944B64440181AEEBECAED51C0722B16824EB64440DB0F3704B0ED51C0E753831C5AB644407489C8D29BED51C092216AE162B64440784725B485ED51C03D4D537B6CB6444030A132B66BED51C0B2EE64B377B64440E0A2225952ED51C05A07F3A582B6444003FAEFD637ED51C07DAF7D168EB644400BFA238F1DED51C0A987B86E99B644403A3131580FED51C043B40C929FB64440CA7FB03311ED51C04F1C8CE39CB64440AE51AE9B11ED51C0E0F545DCB3B64440
155,-73.5982633555,41.0294882673,None,383522886,115000,line,0102000020E610000002000000416A8DA24B6652C0BB9881E0CD834440B3A63742486652C0A16884AABE834440
156,-73.5765096847,41.0324582972,Cos Cob - Tomac - South End 115kV transmission line,141143883,115000,line,0102000020E6100000220000005EC9A095876352C041C80BC1B4844440064B495B926352C05A08834BA984444038492F7CA86352C099B32BE895844440ADD63A87BE6352C0C5D3FEAD86844440E03BF423CF6352C05FACA5C67D844440D1F8472DE46352C0FE6314C373844440AD81B2CA026452C0EE4CAAD365844440E61EC1E1166452C0A26141685A8444409BA4FFF1316452C0E3DFAFDC4A844440D9C7E9E74E6452C0B419794A3A844440C5009CB1656452C02156657533844440066BAB1A746452C005771DE12C8444406CE3FC668E6452C0FA7EAA0121844440BB0616D79F6452C066BB894D1A8444402BDE192CB36452C04E704ABF1484444095BF926FC56452C02CD53CB913844440A8E9D234D76452C0A01F22E3118444407CBDE82FE76452C0DD9FC6FB1084444019E76628F96452C044D8AB1A108444406B53DFAA066552C045C6BE320F844440712461A90F6552C0C56B67D00E844440B738AF5E246552C0970C92BB0D8444407CB533C43C6552C097A7B98D0C84444003EE45CD4E6552C055EDAD750A8444406C36851E626552C07B5668000884444065AD88D4746552C0FF82063305844440FCCED0BB836552C06206CD1604844440BA9540FD9F6552C0B8138C5C02844440863642ACA86552C0DD941B960784444024089199D06552C09EAA89EC04844440F8981CAAF06552C0E6616E79F7834440FB48FC651D6652C09E3A2315DE8344401CD5C93A3C6652C0B90BEF76D8834440416A8DA24B6652C0BB9881E0CD834440
157,-73.555318495,41.0370546259,None,141143966,115000,line,0102000020E6100000020000005EC9A095876352C041C80BC1B484444027A68A178D6352C03DCE67A8C7844440
158,-73.5982633555,41.0294882673,None,383522886,115000,line,0102000020E610000002000000416A8DA24B6652C0BB9881E0CD834440B3A63742486652C0A16884AABE834440
159,-73.5765096847,41.0324582972,Cos Cob - Tomac - South End 115kV transmission line,141143883,115000,line,0102000020E6100000220000005EC9A095876352C041C80BC1B4844440064B495B926352C05A08834BA984444038492F7CA86352C099B32BE895844440ADD63A87BE6352C0C5D3FEAD86844440E03BF423CF6352C05FACA5C67D844440D1F8472DE46352C0FE6314C373844440AD81B2CA026452C0EE4CAAD365844440E61EC1E1166452C0A26141685A8444409BA4FFF1316452C0E3DFAFDC4A844440D9C7E9E74E6452C0B419794A3A844440C5009CB1656452C02156657533844440066BAB1A746452C005771DE12C8444406CE3FC668E6452C0FA7EAA0121844440BB0616D79F6452C066BB894D1A8444402BDE192CB36452C04E704ABF1484444095BF926FC56452C02CD53CB913844440A8E9D234D76452C0A01F22E3118444407CBDE82FE76452C0DD9FC6FB1084444019E76628F96452C044D8AB1A108444406B53DFAA066552C045C6BE320F844440712461A90F6552C0C56B67D00E844440B738AF5E246552C0970C92BB0D8444407CB533C43C6552C097A7B98D0C84444003EE45CD4E6552C055EDAD750A8444406C36851E626552C07B5668000884444065AD88D4746552C0FF82063305844440FCCED0BB836552C06206CD1604844440BA9540FD9F6552C0B8138C5C02844440863642ACA86552C0DD941B960784444024089199D06552C09EAA89EC04844440F8981CAAF06552C0E6616E79F7834440FB48FC651D6652C09E3A2315DE8344401CD5C93A3C6652C0B90BEF76D8834440416A8DA24B6652C0BB9881E0CD834440
160,-73.5548533024,41.0369436711,None,141143969,115000,line,0102000020E610000002000000493639D97D6352C0C958E662C08444405EC9A095876352C041C80BC1B4844440
161,-73.5474549802,41.0432005353,None,141143954,115000,line,0102000020E610000013000000493639D97D6352C0C958E662C0844440972F4E6C6B6352C0B2060FDEDD844440C9DFD9B0596352C006F32DD20085444052123EDC4B6352C05967870C228544408AB55A11436352C01598FC3938854440AB37ECED396352C0BF354D9A4F854440D9AE6FA4306352C02EA0F433678544407FD19919286352C05DE1C3207E85444036A652C81B6352C0DB9E97F79385444071BB653D0F6352C069BF535EA78544403730F5B7036352C0178EBF87B58544403F86D877F86252C044789D3AC285444026627F86DD6252C0B90AA1F7D5854440F4F9CBC8D46252C0A50B5104DC854440BFFBD839C56252C031A1EC53E78544408C06C261B36252C075E0E955F18544409D87B714926252C08D83D4A90A864440E8F595BE876252C0BCB26099178644403D4033077B6252C014721BD620864440
162,-73.5382735913,41.0478190942,None,141143960,115000,line,0102000020E6100000020000003D4033077B6252C014721BD6208644408937F41E6B6252C079492A091D864440
163,-73.5274699129,41.0537075588,South End - Glenbrook 115kV transmission line,141143918,115000,line,0102000020E610000016000000F2576932656252C009EB46AD24864440071CB0D95C6252C05E40EF1136864440542CA42C4F6252C072D6DC883E86444069C52675356252C0891A83C83E864440F8478CCA166252C015129B4D568644400812C7B3FE6152C031AC8906678644404A19F1FBDD6152C0B5D411287E864440BB21EE17D26152C0B61A313C96864440169B0424CB6152C0B8E79685A2864440F1CC520AB76152C0D2251AAABE8644409F1541D6A26152C06592412EEC8644402B6CFB00996152C09C9EFE00058744400E7AEEA98F6152C00DA4C44C148744405C231CEF806152C0174BDF27318744407BA359507A6152C092E29C99428744408F3E09CA716152C0F7540B105B874440B454936A6B6152C03A08803C7587444059506DBF666152C03F50ACA58F87444027584F58636152C005FB1586AA8744406DA411A25F6152C0061706FBC487444071266CD4596152C01D1AACEAE6874440FDDEABDE546152C016791F56E5874440
164,-72.1902200172,41.6373720552,Stockhouse - Card 115kV transmission line,17153363,115000,line,0102000020E610000064000000E4C8A4B8340952C0EF45855A2EC9444005760762360952C0E08343E834C9444039926E5A440952C04B23F42460C944400AAD827E590952C00330C64492C94440B02E1ED66A0952C0507D3D63BBC944401895DEFE750952C0C831BED7D5C944404BCFB960820952C03A582033F3C94440ED256A0F960952C07C3A7EDC21CA4440D9B58B62A90952C0503D94AC4FCA44403245B43EC00952C04D21DCDE85CA444042B6F22CD70952C0F7E27E3ABCCA444055C37E0AD80952C0CD8F3B5FE1CA444076EE93EFD80952C0B3C912C507CB44406EF6B462DA0952C0148EC4F545CB4440E25D3D3DDB0952C0FBAF6B8C6ACB444066055E11DC0952C0FAED171F8ECB4440F2E1E6ACE10952C0577C18ECC3CB4440AFD06690E70952C0E2EEC070FCCB4440CA508A15EE0952C0D7767B043BCC444079C1421FF30952C096AA595B6BCC4440E375A388F60952C09142791A8CCC4440CF7AB53CFE0952C0F87E5204D6CC44406B1E65C4000A52C0AB85CB4BEECC4440603B1EEA020A52C0459548E702CD444089BD90AC150A52C0CA09522D2CCD444064F927F9220A52C0B2CE417049CD4440B9BDA3FE3C0A52C01FB343B182CD4440B2CB8C2B510A52C041C18214AFCD4440E9D25B715E0A52C0F2073547CCCD4440BEC639516A0A52C0067BCE67E6CD4440C9463BCA750A52C0FE96B2A4FFCD4440095ADBA9870A52C0EC6DD8F626CE444050ECDB9A9B0A52C0BC877FD652CE4440361D5853AF0A52C0928EB7377ECE4440886DA379C20A52C000562458A8CE4440DE18F9B1D30A52C043469A39CECE4440F2BBAA84E80A52C0507FB008FCCE44403AD23F47010B52C0F619BD7F32CF444082A60AA1170B52C00051EBA963CF44400B1CA6E42F0B52C06C74500899CF44406300F73C3F0B52C0C63276C8BACF4440D9B45FD64A0B52C0F962964CD4CF444081988D7B5A0B52C0F8A19BB6F6CF4440E5A336246E0B52C0E99C42F321D04440CE9E92C3970B52C00349A37D7DD044408968FC25AC0B52C08EC31053AAD04440CAF41A81BA0B52C083962DE6C9D04440492C1F74060C52C028D883EC70D144404B6A155E300C52C02CDB4F19CDD14440F220D856670C52C0BE3B85F945D244401A8A17DE770C52C01D267C506AD244403AFB6A6A900C52C077EF7B4BA0D24440D4A923DAA10C52C0A3D347F6A6D244400A18B92DB00C52C08096DD6FACD244404AA84BC7D30C52C09566D20BBAD2444084620EC6F80C52C0662B2731C8D2444031404829180D52C0C8F26F31D4D2444063E7B152380D52C04396987CE0D2444049E80EA24B0D52C0C101595D02D34440959B78DF640D52C0855FE1A52ED344406574C29A770D52C009EDDC834FD344406BB098C1890D52C0CE6AE45B6FD3444022080CE4A10D52C0B531ABB299D34440FF8CF5D4B10D52C0EE2C76ABB5D34440E25210F7C20D52C07716EAB9D3D3444088746D7CD30D52C04B7280B5F0D3444053705F61E70D52C05D05809B13D444400D1379A3FF0D52C06AC5BB293ED444407482FBA6150E52C0EA61FDC764D4444090405B7A160E52C05AA9812787D44440ABFEBA4D170E52C0762A6494A9D444402D7D44F4170E52C0100E81A1C4D444405D3A202E190E52C07093C7B8F7D44440B551977E1A0E52C09796C4642ED54440D7F771EC1B0E52C0132B73E369D54440CDDD836D1D0E52C04696B679A8D54440DD0630391F0E52C0990AF739F3D54440819B3612200E52C0917D7C8F16D64440AEEB5C3A210E52C0866F1FBD46D64440A5CAE67F220E52C0F6C6FA9E7BD64440223CF9E6230E52C09EE81604B6D64440ED5ABA3F250E52C06481E215EED644406788AEC2260E52C0FAC9DDF62CD74440464D35EB270E52C03C0470235DD74440B20A720B290E52C0536BD10D8CD7444003B5334A2A0E52C0141765DABFD74440EE4C9D5A2B0E52C0C274481BECD74440BFD18B892C0E52C0681F1B601DD8444016E27A9E2D0E52C03E6D43714AD844404F200B652E0E52C0E03458AB6AD84440DDC09EBF3D0E52C0C4AAC60988D8444090895A4C4F0E52C0C589AD9DA9D8444061C2E2D9620E52C03024A705CFD844403A7C2C626F0E52C0DCDC55FEE6D844400056F578900E52C085DDDE4A26D944401EE5BC6EA70E52C0BC321F3752D94440BCD0FE18BF0E52C0A734EA7A7FD94440CABB6128CD0E52C06A5D645F9AD94440E418B639E60E52C02BF05052CAD944407F6EB812F70E52C0C5988870E1D94440
165,-72.4780765031,41.460030318,Haddam - Bokum 115kV transmission line,287508670,115000,line,0102000020E610000002000000240095929D1E52C0CC8E7175E2BA44404CE1CB09941E52C0448C9116E2BA4440
166,-72.4428579779,41.3882240622,Haddam - Bokum 115kV transmission line,17196388,115000,line,0102000020E61000006D0000004B6208CF051952C0C3574C8DE1A84440C9C2F6C11B1952C01A067A3C0AA944402AF154022A1952C0E5F48BF225A94440BDBE1A133B1952C0827E5AC544A944400593E56C511952C059B096EC6DA9444051522582601952C0BCF51EF289A9444032E6CCBF731952C0D720D8CBABA9444042638EB3B61952C04628A7A123AA44402D8547E1D51952C05A10E49B5CAA44401F853243D41952C01D92310E81AA4440D11707ADD21952C0138AE962ACAA44403B6AE236D11952C07E7ADA2BDDAA444082C84F80CF1952C04E4381730DAB44401589C59BCD1952C020F94F434FAB44401EAA3B56CC1952C019BB998A80AB4440941AA0E7CA1952C0D66B6AE5B3AB4440B9B9FF87C51952C0FFDBFA6528AC4440DFB115BFC01952C00F93F5A785AC4440D24F88AFB31952C05E15CDB5C9AC444025471D3FC61952C0A34BAD131FAD444049940820F01952C0F3FDE26F59AD444002F6C4A8291A52C0F1322A50A8AD4440D0B401CB591A52C004BCD26CB1AD4440C5C71EB8701A52C0105AF65ECBAD4440AB8A3FB9891A52C0B0BBC549E8AD444054C723F5991A52C0A2C944A2FBAD444034A08FBCA71A52C015D27FC009AE44406E988E09C71A52C040443BDF31AE4440F6D6753AE51A52C0CCB7E1F355AE44405CED3439011B52C083BDFA5277AE4440225521EC181B52C03543240395AE44405D54B5E2311B52C005D1710FB9AE44407D10A220511B52C01F5C3827D3AE444086CBBE7C721B52C0162E23CFF0AE44401E6371E2921B52C08B97F49A0DAF4440EEB97A479E1B52C01F91392624AF44409E2C7A5EA71B52C0E15645E83DAF44401950DF16B71B52C01E2D61DC69AF4440EC1C6068CD1B52C059280E16A8AF44408143E97DD81B52C0AEEAC167C8AF4440897FCC12E41B52C0C3B30DD2E7AF4440E1ECF26AF41B52C0A0D8A5430BB044402706824E051C52C02F3D2E183BB044408420E113141C52C0F502041F65B0444081C710A1201C52C0BD389AAF8BB044409D9B9C20321C52C0BF1F8064C9B04440BB6F350E3D1C52C056FE854FEFB0444021769D88541C52C0C54676640EB144404CC3AFB36A1C52C02F269A4A2FB14440A3F7DAEB7C1C52C0DAD76CEB52B14440CF3D65DB921C52C0D3C55E157BB144402F350F09A71C52C010242874A2B144404FE6E5F0BD1C52C0031667C7CEB14440A9EC453BCD1C52C0BD6CFFC2EBB14440F2B74EBAD81C52C08F51016E00B24440DA89132C021D52C066D7A2D926B244400747D589101D52C0A993C35C33B244402EE6EEC53A1D52C0B5EDF9915AB24440BA5B97774C1D52C05BDA97476AB244409F751A94681D52C0E022931083B244403ECEF7738D1D52C021E03DF5A3B24440E8D57B18A11D52C02ACAC12BB6B24440AD80F2B5A81D52C08CA4AD00E3B244403C38723EB61D52C019E36E4941B3444050501472BF1D52C09FDF68FE6BB344407D8B9579C61D52C0AF69258A9BB34440A6F29A61CC1D52C046F49D47C4B34440A452CCC5D31D52C0B4E4569DF8B34440972626D9D91D52C032DFC10A24B444405EB1E1FFDE1D52C0A9001D3E48B44440744202AFE41D52C088F59A1679B44440AAE74B15ED1D52C0A0E4DD04ABB44440458BEE2EF61D52C09DB9E49DCCB4444022F7B152FD1D52C07C990A1FEDB444405FB6DCC90A1E52C053BE5EA229B544406BA439FA101E52C038C5E2AF45B54440B5DAA30F1F1E52C0E62D0EDC86B5444059DF3F3F251E52C04F31E870A1B54440218C0A582A1E52C0938D82FFB8B54440A49C3847301E52C0EEBBF2E5DCB544401DDCCA5B3A1E52C00DD5FA371CB644408CA6714D411E52C04D6EA13B49B6444004FDEF8F491E52C0B6E599007DB644409ED7394E531E52C01D9C39A1B9B6444043FEE46F591E52C0476061CBDFB64440DD5FBD20601E52C0B07B50490AB744401355EED4641E52C00B9BA8D727B74440602B27866B1E52C0A759AB7251B74440B81D95C3741E52C0445EC8218BB744402EC2A6D87B1E52C039AE8442B8B7444004A4E6267F1E52C02109E715CDB744407A68B3B2881E52C066D425CB0AB84440A368E51E941E52C06DD9BE0E50B8444008093A9F9E1E52C04C8FC41692B84440C51B1082A81E52C0B1EEA9A9C6B844405BD98B7CAE1E52C01D15A1CAECB8444099FF896FB61E52C066739FD41DB944404038E090BE1E52C0F575B43A51B9444083B2605AC41E52C06095795875B9444079D1608DCA1E52C075CC68BD9CB9444027CBE128D71E52C0AA2A1E40EBB94440233054BBDA1E52C0898FB03F01BA44407D6499CFDF1E52C0AA73665521BA4440BA5FB987E31E52C0056AF64639BA444007187161F21E52C07941EAF195BA4440D096631EFB1E52C0599D39F9C7BA4440443426EED81E52C0F04EA571D1BA4440220409D1B21E52C01666A8EDDCBA4440240095929D1E52C0CC8E7175E2BA4440
167,-72.3906318882,41.319109247,Haddam - Bokum 115kV transmission line,287508665,115000,line,0102000020E6100000020000004B6208CF051952C0C3574C8DE1A84440E2F4BF6AFA1852C088FF7497CFA84440
168,-72.490352285,41.3218957988,Bokum - Green Hill 115kV transmission line,140937106,115000,line,0102000020E6100000790000003EB7CA121F2652C06613F349E1A844409F1FE4F4182652C07D4E2118D5A8444048F24D66002652C0A3AE007ED5A844409A2BF3C2E52552C06116A337D6A84440128F14CDCA2552C0278AB46BD6A844405FF2F6FCAA2552C0CC05AE9AD6A8444080E2E3909C2552C059A8FEFFDCA84440C0F2CFB3862552C0B4472DCBE6A844401AB27739612552C001193510F6A8444089FDF1D14B2552C0120D33A2FFA844409BC98036312552C0E54DE3380BA9444092F777AC112552C0EA752AED18A94440054CDB69F32452C09899CCC925A9444024B52C9DEE2452C0F7BC28D427A94440EE69594FD42452C02A1D4C1933A94440196296D0BB2452C0ECD2F93120A9444043DF1A379C2452C01912873807A94440723262CA812452C07E937091F2A84440113BB89C6D2452C0D6077AD3E1A8444025E798F8492452C003DCFBE8E4A844404B87C5882B2452C03FD4412AE7A844403E613A280E2452C0AB38991AE9A84440EBBA4C68E52352C0845C1A30ECA8444016F1C537C72352C0670FE857EEA844406A5CDE78AA2352C0BC735E85F0A84440ACFE7B52932352C0E995DA1CF2A84440FFAB518E7F2352C097BC3C66F3A84440A8B562A4672352C03ADE4F54F5A844400E07B7A24F2352C09A1A7AE0F6A84440E07E55DC3D2352C005AB1205F8A8444013E69BEA222352C083E072F1F9A84440D57EADECF82252C06459DC4AFDA844404DD03065D52252C0C7D1F3ACFFA84440A9DCB8A9BA2252C02D1B979B01A944402EB9605FA42252C0822AB05A03A944404127F8FE8C2252C05DD8250305A944403C49260B712252C0E9AF970507A94440567D36C1532252C0B655C01609A944403F7F7ADC402252C00B22C9830AA94440018EE9EE2E2252C0CA33BBCD0BA94440D243C476172252C0E29F29A50DA94440736313E5FA2152C096FE1E810FA94440F16CE520DE2152C0128A09E611A9444066ACB02BBF2152C08293635E13A94440422C9F52A32152C02A3090A922A9444059CEFD51872152C0F78CA78431A944403C32E6665D2152C0DC765BC147A9444065B6F2083E2152C0281317403AA94440EE993CD61A2152C04A25FBE32AA944409C9009B5FF2052C056B6E9111FA9444066DE6F59E42052C0839672E212A94440875A397CC82052C0BB3B718119A944405E4B700DA62052C0717B8CE220A944404C2BD9EE782052C0111E10572AA944407A036867572052C06173127731A944403B195FB5452052C05F7439F43CA944406E979E5F222052C0BBEF14A253A944408792B3F5062052C02302FCC364A944402EAC1B90F31F52C07D21AA0B71A944409090BA7CDB1F52C01D00689D80A944409D3151CAC91F52C07F18CCF68BA9444054337525961F52C0CAA3561D89A94440B5AEF9887F1F52C0D4DD4BDF87A94440BF90C645601F52C0DCDB553286A944403D2AF6BC441F52C0568EA1A584A94440C40464D3231F52C02693EF4383A94440AAFE8BB9001F52C0B782F8546AA94440B195B256E11E52C08C99EEFA53A9444018A5495AC01E52C0FBF65AF958A944407A276367A31E52C045C71CA95DA94440229FCF34861E52C0362518F861A94440806D28996A1E52C008C9F22766A944401D4BA030521E52C0F84085486AA9444033EDF1C13C1E52C02271E2086EA944407AE1CA641F1E52C040F4C2E467A9444072B618B2F81D52C0991E626B60A94440258B0A57C31D52C0589D50B855A94440C01C62B18D1D52C072BE76ED4AA944406FCAE959691D52C086E25DBB43A94440943F451D401D52C0A2390EC23BA944403F879FEF1B1D52C0F096968834A944404FB12519FE1C52C03CFF7FC32EA94440E947BEA1C41C52C0321EF4CA22A94440353BFE0CA61C52C0DE1A9FB61CA94440271E3587931C52C033530A3519A94440CFCC5567701C52C0B92FC71813A944408D64C6013D1C52C04AC3D7B408A94440C4F1B68A231C52C0978F97DA03A9444077773BFF0E1C52C01E0089BAFFA84440D0BCA487FF1B52C0440C1990FCA84440FF198853D01B52C0674DC959F3A84440E3E68AF1A41B52C0651A58D2EAA84440252E3895821B52C0AF294637E4A84440970B7152651B52C046265BF3DDA844406F802F474E1B52C0244735BDF1A8444056801FE73D1B52C092CC3973FFA8444010E796BA291B52C019F2917910A94440501F937FFD1A52C0FCB185BB34A94440EBB164F7E41A52C0E51388FA6EA9444031339446D71A52C0A19EE39D8EA9444074326963CF1A52C03E4FCE52A0A944407F885991BD1A52C068636701CAA944401CE6CA71A81A52C083CA1CDED7A94440031D6F24921A52C00D219AA9E6A94440E229CED3781A52C0137E9578F7A944404D9A37A3681A52C04CC2D26A02AA44403823171F4C1A52C01DCD145E15AA4440544282B4341A52C04880F9CFFBA94440BA5353571E1A52C02A0BFFA7E3A94440B619D1AB091A52C05450CF52CDA94440C35F77C3EC1952C035A38137AEA94440BF9350CFD21952C0F9B8EFA193A944401CF2066FB81952C05757D86377A94440322FCC91AC1952C073D0F7BB6AA944408BA75B128F1952C00234221E4BA94440F76024F47A1952C09ED9EAF335A9444017DBA6095B1952C06BE9CA1114A944402D627E523F1952C0DDF2C1EFF6A844405DBEA19C221952C0D5A51576D8A84440C85AA928041952C069127E7FCDA844404AE74FB4FE1852C0A799D568C7A84440
169,-72.6472493574,41.3186938339,Stepstone to Green Hill 115kV transmission line,140937165,115000,line,0102000020E61000003F000000CB2C80322A2652C0CA6B3FE1E0A84440A2D090A02C2652C06A6D2001DDA8444058F9A4DB312652C0C0392193D4A8444036BB1707482652C07207E3FAD3A844409DEC504E6A2652C0236DF34CD4A84440B1138A848A2652C0CE7CC342D4A844405FF1D055A32652C0C0392193D4A84440822DD1B8B82652C0FB1A5D5DD4A8444039E582ADD12652C08634463AD4A844407FA2546BF02652C0A94B2275D4A84440781B92C00D2752C09699568CD4A844408F194EA5202752C0D0ACACA4D4A84440672E7BF53E2752C0D0ACACA4D4A84440CF942EB0502752C0807554C8D4A84440744A6A1D712752C09C727061BEA8444017BC94148B2752C0B23A78E7ACA844400D1F994F9E2752C0BBF578039FA84440BA1506EEBF2752C0CC55116C93A84440E75F1EF8DD2752C0DF9F472788A8444028472D89F72752C083E276DC7EA844407663A4E1152852C0ED0614B39BA8444048105D4E302852C0AE6E87A1B4A8444085283E5C3E2852C03DCFFFF7C1A844402C05D757542852C0875D5C14D7A84440EAFAA580832852C02D421D29D8A844405B51E39CAC2852C06624344CD8A844406F46B65CC82852C02B267DC2D8A84440205AFE2CE72852C0CDA5E40ED9A844407F084948FF2852C0AC05637ED9A84440470DF099242952C09147AF1FDAA84440E0422A8E392952C0F9A2B32CDAA844406479E81B4E2952C073E43C7ADAA84440D0658423622952C0EC99FC27DBA844402AF2A570872952C0AEB8A4CFC5A8444090611B06A42952C00A4F946BB5A8444032D1FEEFB92952C043A3CD69A9A84440F31809E2E22952C0369BD8E391A844406EF1D4E8EB2952C04E02DF248CA844409022BFF5F82952C058D466AAB5A84440E572178A052A52C0476FD70FDDA844406ACD1EA9242A52C0BF5F2086DDA84440702D31F3472A52C0D66E4619DEA844400E02876F612A52C0AD00D473DEA844403D2E2B10812A52C014EB65DBDEA844406135CBDB992A52C0BDDDDF3DDFA84440CD934347B72A52C0478219C9DFA84440B054035FD92A52C08B08DDE0D9A84440EDA953CBFA2A52C078AB576ED4A84440BC51A4BF2C2B52C00585267BCCA8444045F0C9C24B2B52C0F38D3741C7A84440DDB79B916C2B52C0D76FE4C7C1A8444012F1C3DF842B52C0AC8B9D9DBDA84440CB484470962B52C02F7149F9BAA8444065C2826CB82B52C0E9D8EF72B5A84440E324ABFED82B52C0DD22E615B0A8444071D28E4EFB2B52C02D421D29D8A84440D6742ADC092C52C0A943B5B1E9A844400308958A2A2C52C053044E5BEBA84440C3B09DD0412C52C030FCE67FECA8444012A81884612C52C0129EC81AEEA844405DCB1718802C52C0CAD651D9EFA844407C7CE1919D2C52C0EA82A3E4EFA844408C8719F4A02C52C0B4D5A83907A94440
170,-72.7476584286,41.3107432121,Stepstone to Branford 115kV transmission line,140937150,115000,line,0102000020E61000003E000000A23879A8CA3252C05FCA118179A54440B21392A1CD3252C09ED8398E92A544404A837AC9D43252C07C6267C7B2A54440EACB53F7BE3252C03B2E1AA8BAA54440596E3D19A63252C034CC720FC4A5444004A1F2CA873252C05DD3C4D9CEA54440309C43495A3252C00DAB78C5DFA544404A070812373252C04B77B57FECA5444038F7C7770E3252C0C8586D3BFBA54440E08219E4FD3152C089FD275C0DA6444082560F1FED3152C0A3028D0720A6444013347F86CC3152C0FEBE768235A6444066ADB4ACA93152C0116A30C64CA6444000105A4D973152C0BB2C7CFD58A644409CF212137B3152C0D596E6B26BA64440301B299A5A3152C0BBA96A5281A6444080F1CEF91D3152C07A1DB57DAAA64440F01506E0053152C0FD3B8980CFA64440D284F7DCEA3052C07073D2E3F1A64440816E74C6BC3052C0D72251172EA74440995B6C77A73052C0232C1FEE5DA744400138DD82943052C0ED3A34E789A74440A222BFEB813052C016EF4C5DB5A744405C696EDA713052C0B1E29F71DAA7444062F4B131633052C0B27D51C300A84440CE747FF3503052C084ED27DE10A844402ACA59DC383052C052FE888829A84440C593DF661A3052C0790D8B194BA844403808FE9AFE2F52C0D3C6A38854A84440D4B30FBCE12F52C0260AD78860A84440C1E58C1CC22F52C0F47E0D7F6EA84440B897FE87B42F52C0DDB4A1EF78A84440EF3F5CEBA72F52C0E562110284A844402776EA588B2F52C00A5D8CB59DA84440B9F4950B872F52C055A710FDBBA844406778AC28822F52C0E5854CF4EDA84440321CC2D4752F52C02A16389FEBA8444013B0BCE4522F52C0388A75C6EAA8444002AB9F0E2C2F52C0D120170FEAA84440BA6C400EFA2E52C02B829BDEE8A84440CDC6F20ED62E52C075657DFEE7A84440049D353CBF2E52C01B32A976E7A84440995E85B59D2E52C049C37BABE6A84440CEE5A016782E52C059ADC117D7A84440CF0F05345F2E52C06D533AF8CCA844403D02C935492E52C0AE67BE13C5A84440465DFA91332E52C07833EC2ABFA84440BCE75E4E1B2E52C09B4A655EB9A84440AD2653EEFA2D52C02B6AF4E9B1A844409F6E16D7DE2D52C01368829DABA84440C4F990D8CC2D52C0BC1FBBB0A8A844409E92A5CCB92D52C0B37F9246B0A84440DBBEBE4B9E2D52C029236C2CBDA84440DC2418AA7B2D52C02FAE1B9DCCA844404B42BAE6692D52C027A7F595D4A844401FC1FA374B2D52C013B35F8FE2A84440D74A27A3312D52C0BCECCDFFEFA844405157E691132D52C0C9447B1CEEA84440C57021FEE52C52C02E84F492EDA844409AA61C19BE2C52C0635BE2F7ECA84440D719412FA12C52C0EA82A3E4EFA8444035824035A82C52C0C442AEFD03A94440
171,-71.9104627175,41.3965060526,Mystic to Shunock 115kV transmission line,17153489,115000,line,0102000020E61000004A000000FCB2DAAA5DFD51C07D741955DFAE4440871AB9493FFD51C0F1134CB0D7AE44406281743521FD51C0D877EB4FD0AE44404F92692F18FD51C0580E1154FDAE444061C4FE1F11FD51C056963F9F24AF4440466D72C80AFD51C0D50870BC4BAF444092144C92FEFC51C04FDBA6AF7CAF444019757BABF3FC51C09CA02A4CB1AF4440F7055550ECFC51C03A47C234DCAF4440CE7E94F1E3FC51C00F0D922907B0444013E78397DAFC51C0EFA82A963EB04440DBC674A8D1FC51C0D52B23CB7AB04440BF049428C2FC51C0D9FEE59393B044401592BB5BA5FC51C0E5869DA1C1B04440D198F45C90FC51C056B1F133E3B044403A15340476FC51C0FCD911550DB144400018E71A61FC51C049702BC52EB14440BB570ECE50FC51C0BE7751D548B144400AFCED764CFC51C0F76AED7B78B1444061BABB9E46FC51C0FC924FA4B8B14440D4766CF53FFC51C039784BC601B244408819A5513CFC51C091378FB829B24440C1BE089437FC51C0543897C05DB24440CCC1175331FC51C0E45B9465A2B24440EFFEE4A52DFC51C098C20AC3CAB24440E175FA072BFC51C030B6FAA1EEB24440C3AC777028FC51C06A557F8916B344409330EC810CFC51C0457788C325B3444054D95408E7FB51C06F0007DE2DB344407D883277D2FB51C0C5F5F83A32B34440822FA32ABEFB51C0222C0CB336B34440687BECFDA1FB51C022984F393CB3444015D484205CFB51C050347D406BB34440C251E0F13DFB51C027BDE42580B34440CFAF3F2706FB51C0E84FD6E191B34440D1B9E8CDEAFA51C06BB824EE9AB34440B22D2867C5FA51C08E5EA87D83B34440F46BF953A5FA51C081C2EAEB6EB344406E881C3585FA51C0819BEBDC73B34440EF9AD7955FFA51C09838B4E178B344409F0F718C36FA51C0CA4702397EB3444085FB7B8D19FA51C02562361282B3444011333BC3FAF951C0F579B83786B344407792ACA6DCF951C0C9EA2ADD8EB34440DA4071DEAAF951C04085E4419DB344408160E7967AF951C0BF2DDA19ABB344402E4C9E1F57F951C064754E34B5B344408ACF5DD234F951C0CA96BF0DBFB34440AB39896310F951C01D15015FC9B34440A3D5DB90EBF851C0822EFC3CD4B344400EE285E1CBF851C06E563808DDB34440597AC8A8A8F851C0F39B8651E7B34440EC69E30F8AF851C00F73642FF0B344405E85581B67F851C031A9802DFAB344400772B5493EF851C066AA1BEA05B44440A372EFE619F851C02DB8D67C10B44440AF748488F6F751C04CAF797B1AB44440BE1535B2D7F751C05F2F75A423B44440DCF4295ABBF751C08FFC23210CB44440C682577294F751C0BFA1CEEEEBB344403C49B16F72F751C0AD963622CFB34440368DE1FF5CF751C0A2C78484CEB344408B9C498947F751C07AE6F488CCB34440DEE3183920F751C0AF1BF2ADE0B3444085291F90FEF651C04602BC2DF1B344400328DB75D9F651C01782C79903B44440631843CCBDF651C05BFB7B2B11B44440226A2F5BA2F651C0BC70BA181FB44440785FF7F966F651C0F5F599813CB444400F9E469B50F651C025A3DDF97CB4444056F4A41D38F651C06182D2E7C3B444402B4D1CDA33F651C0306643EFCBB444400E2D2AB934F651C0315DF70ED1B444400BB7B2CC29F651C08ADA6AD1D5B44440
172,-73.1628034689,41.2092521734,115kV transmission line,140990926,115000,line,0102000020E6100000200000001E215F80EB4A52C060909BD0D297444060A9EFC0F14A52C0391CEAECE897444096900390FC4A52C021041D7A299844400DD38FC5FE4A52C0C039E1B873984440E798BC93FA4A52C0CE4E98C7AF984440EB7507FCFF4A52C09B8D5772CC984440ABC86DA8014B52C0E00494F4029944400BB6CE6FF44A52C0A9EE8FD9529944407E401950E94A52C033B1B6E28C994440FBDDC973DC4A52C0C3C3FAF6D1994440571EF2CDD04A52C0A2B312E8079A444053B99E55B14A52C00F184296209A44400AB42D07844A52C05D10F8EC3C9A44405673CD5C564A52C09B2532D2589A444053D10A86234A52C02797028E539A44405E4275FC174A52C088A43FDF999A4440B39C69C90F4A52C06A7D0041C99A4440A8D55CB9054A52C0F941AFD8039B44400C10ABADFC4952C0CDE57E4E399B444031DE5CC7104A52C052E9E06E7D9B44402F8613E0334A52C02C41C6249A9B4440020006951F4A52C0C27F853CD19B4440F96FAD970F4A52C0922F07B8FC9B444040B72EB30F4A52C0616B9F28209C44407BFE9A300E4A52C08EC87E12769C4440CFB138260D4A52C056CD309FBC9C44400C9D015A0C4A52C0297FBC6D079D444068D8DB170B4A52C08E1EAF6F559D4440A570B66E1C4A52C0C029DADA789D44402870C0E9364A52C02AE931FBAE9D4440E3DE3916404A52C02D1D70F4BD9D4440A7BE104B444A52C0480022B2BD9D4440
173,-73.1148870125,41.2372582646,115kV transmission line,140829243,115000,line,0102000020E610000028000000DE0DD0AB924752C04042DB2A37A24440319A1D81954752C0F55966EF37A2444050FCD90A974752C01A8D1EB004A24440BF2D5478984752C09A28CFAEBDA1444055644180A14752C032281F587BA144402D9AF636A94752C05B64BE2242A144409C0BF4FFA84752C0D8D56C0F07A14440B2D3C8C1A84752C03D842C29BCA04440A4099B46BA4752C0459E155C7EA0444086E45A89C54752C0A4A3159C56A0444072445D73D84752C0733DB56114A044401F211DB9DA4752C08FC0FD58E99F444091261346DD4752C0E412FCEEBB9F4440BB66D57BE04752C058D703A6819F4440BBE6CEC4E34752C0ABC85A04489F4440A33C6E6CE24752C09CCC617D0D9F4440CBFF230CE14752C036BFDA74C99E44409266A30FD54752C051F3E2E9769E44401D9B4E48CB4752C0058441783D9E4440BE272C7EC24752C0C32290F1099E44405D3DDFB3BA4752C0330EF72CDB9D444034AB08FFA94752C0EACBA3EDA79D444005CAF0A1974752C07F38475B949D44408993733A624752C0525508A98A9D44406AC72F783E4752C042E14B37849D44402E0B19FE1B4752C0EFDBC3F1769D444004DF9BA7E84652C0148D0E6A639D4440BE2CE03FD24652C07FAA180A5B9D4440CBCD768DC04652C085D1A36B159D4440F2EAA245AD4652C0BBE9F7EFCA9C4440910E66F2A54652C0938E00C38C9C4440D7185ED39F4652C062E4C13A569C4440D86845219C4652C0D8154248369C4440D78F9541984652C0C99B18071A9C44401E7905BCA84652C0B57611A9D59B44401D24D0D1B64652C07EFC6F469B9B44409D92E817C04652C0E94E4ED35A9B4440A837F3A3C34652C0A5696D301E9B4440D05C2E23C74652C0C790FA0FE49A44406C7B8957D74652C0C7F0FD8EC89A4440
174,-72.1695627044,41.7495667128,Card - Lake Road 345kV transmission line,17162801,345000,line,0102000020E61000008A00000093E34264B00152C0708DB8F9A0E2444058A7DFCEC00152C0CE7AF50983E24440A064CB68D20152C0D3577BF062E24440EC7CB4A6E80152C06B49E0613AE244402E74272A000252C05C7469800FE244409EFB509F100252C05744927DF1E14440C5F4E0F3280252C0E052831DC5E14440922B15063F0252C06106D2DC9CE14440F45AED636A0252C0709FE61BA1E144404DF9AC42980252C0509E0E9BA5E14440229795B6C40252C079DEACF5A9E14440D91CE134D90252C007E3FBF7ABE144408FC11A3A090352C06F5CF8ABB0E14440BE38588C2F0352C05D3A226DB4E144404AAD334E5A0352C0B67C969DB8E144400F6734807F0352C0F9E31442BCE144405279214C9D0352C0FC36A62DBFE14440380E5D83C00352C0E957ADA0C2E144403E33477CD40352C002677D95C4E144403AA743A3F50352C0265F84ECCBE14440F636FFD1170452C0FC3D8E7ED3E14440865FA8AA3A0452C0F8003F36DBE1444037417D965B0452C03E525380E2E144409F8D3D947D0452C02F2E8A06EAE14440D358FDBCA10452C0E9E36608F2E144405803DFBBC30452C044E2B98FF9E1444080BB2B33F00452C07519756703E24440870BE7F80E0552C0159718380AE24440857CF66C310552C051B540D911E24440C23A54F4570552C00E71D8601AE244401BA6E06C9A0552C0567E4B1829E24440F5A2610DCD0552C0FC5A9DE926E244405FE11194EE0552C0F0C2387725E24440A39A48C90B0652C065639A3424E24440997A3FBE300652C0E8D78B2F13E244401884BE274A0652C02EC6347B07E2444064D923326D0652C01A677A57F7E14440EE97BE47BE0652C0399A18FED1E14440F18C6FFBDE0652C04F62CEEEC2E1444041CB02B4F60652C0EA345401B8E14440753D0C461A0752C06F970D9FA7E14440B6FDCAB6370752C092EA970F9AE14440B0A86E82590752C0DD6A5B7E8AE14440CBF9DF4D830752C0A27DE33D77E14440BA6C0755B50752C099582E3360E1444045720D42C80752C0ABA29D7B57E144403D88F8C7F90752C02DC5027B73E14440FEFB93081B0852C02946B24786E14440FF3C9181360852C0777DF2CF95E1444077790F99550852C032CD7863A7E144408DA29C4A730852C045150C2CB8E144405EFF6D69910852C08F7B8A33C9E14440B55B63DFBC0852C01AE7256EDAE14440ACD48658E70852C0EEB8AB44EBE144402CD9C493040952C079FA42DBF6E14440333E32E8160952C0343E221FFEE144400B9389DC120A52C036D379FF02E24440FCB8972E630A52C01F8EBBC805E244407E7811E0850A52C0AAB3529506E24440A5331214DA0A52C0ADD8DF1DC8E14440DEC8BE910D0B52C05096DA06A2E14440BE236BAF220B52C03615C56492E14440E8CDA7AF4E0B52C03D02E6B071E1444026D79EE87B0B52C0D903610850E144409325C0CF940B52C03FF5AE217CE1444020BFB112B10B52C0B7134184ADE144401F46E0C4EA0B52C0BED5C44B7AE144406FE832FC110C52C055D0E6D86CE14440AC932502490C52C0B93ABE83ABE0444062E082CE580C52C05BF2CF1BA3E04440D84885C6760C52C03539AA2B93E044401BA845E3A50C52C0197496A986E044403DED0721C60C52C03E69D41A7EE044406EBD0878E60C52C07C30C18475E04440F7BB6C4D060D52C09D6A390A65E044406201B27D210D52C03DB03EF756E044403B4E0DFE560D52C09E1106453BE044400305140F840D52C09F2B78F123E04440FA028CDBA00D52C0D5A0BE0815E04440B27C0182BF0D52C08ECDDF2A05E04440E3A12A55D80D52C0F095E050F8DF44401A24B2B5EC0D52C01B9DD403E7DF44405046EED5060E52C0F54163D4D0DF4440903B0DDE200E52C0A6D43FBABADF444000F355BC310E52C016737267ACDF4440DAB7B59A460E52C068516A38A2DF4440FCBC01EB610E52C0BA8E42E494DF444038AB716D8F0E52C0663069AE7EDF444038DAC3E6A80E52C04751973F72DF4440EB063FF2C90E52C05EE07F1E62DF4440ED1BAB1CED0E52C053DE8EF450DF4440E542BA160A0F52C0CBDD5CD142DF44405E3D7B33200F52C0DDC8E40538DF44404A8A129C430F52C0159D80BD26DF444047256C515A0F52C0C963435E24DF444065AFE5AA7B0F52C01832F5E120DF444041134735A20F52C0B1C0C5DA1CDF4440527F3787C30F52C0538F266019DF4440C435C0E3E60F52C02101DDAD15DF4440E22FDC01071052C03DA5B95212DF4440843EB429351052C01D2CFE7F0DDF44407AC487D8351052C04E7FB64CDBDE44404C19579E361052C0C785E9C2A2DE4440E2442E50371052C0ACE229E56FDE44401D0F55415A1052C0D306D01D4BDE44408265979B741052C06C23D4602FDE4440FDFC1FC5911052C028334AAE10DE44409442A4CFB11052C001FCBAF4EEDD44403DB8832BC01052C0479A5ED8DFDD444011630F67C91052C05B638EEDBEDD4440BFB78038E11052C0F018F0FF69DD4440FF6F30E2E71052C06FC87B3F52DD444019DB946A011152C0CD7BB0283CDD4440BAD340E61E1152C03A87DFA722DD44408DEB5AE93B1152C0CDB8058F09DD44406BB52240391152C07AC354D0F3DC44400E4454F12D1152C0C77CF86497DC4440B3667E66251152C0F295CB9451DC4440F6DA3676181152C0FC2FBED4E7DB4440E761B0CA131152C0FFCDFFA6C1DB44403E5725970E1152C0767E432397DB44401BC836570B1152C0324313977CDB4440E2B5444DFC1052C0E36B9A9C60DB4440BA6605F1D41052C0A74C5C6617DB4440BCF3BBDDA71052C03915618EC3DA4440DB4F10EE591052C009146AFE79DA4440716A16FE381052C01AA82C2B6EDA4440E812FC91181052C04FB7BC8762DA4440E16202FAF80F52C037933B3057DA4440ADC2139EDF0F52C0E5E0FD154EDA44408910A9BCB80F52C0C834F92040DA444020E269968E0F52C0283081FF30DA44409BBD9C6C4C0F52C009197B3F19DA444046C901FE310F52C04D1BB7C20FDA4440150096500B0F52C0C94698DF01DA4440C22C3DE4090F52C041ED9651E1D94440250987A50A0F52C09D3A8AF2DCD94440FE15B29C0B0F52C0BF94E441DAD94440
175,-71.9458675823,41.8177783772,Card - Lake Road 345kV transmission line,17167923,345000,line,0102000020E61000003700000093E34264B00152C0708DB8F9A0E24440ED710476FA0052C05EB8C9A605E34440D01E9F6F960052C0A6AD77743DE34440C32BED19F8FF51C0C5CB3FCC95E34440AE91A3C681FF51C0A876B887D7E34440B13A54FECEFE51C0E10DF6DDE6E34440964E6FA19BFE51C06B7AD341EBE3444016691FED99FE51C0373ED2902AE44440FE1EFD6699FE51C0664D4C073EE444401A4677C398FE51C0365B3BDA55E444409F4F2AE597FE51C052B787DD75E4444082EA19DF31FE51C0D5B927BB98E44440A4AC2E1727FE51C09D44084CA8E44440B8377A9E20FE51C0F42745A2B1E444405C85C8B2ECFD51C0597F6BBDFCE4444083640BEFA8FD51C0BE3255B75EE544402B71239482FD51C09483B82896E544409541CB3573FD51C0FFA5F85FACE544408114CA4540FD51C005D5F909F6E544409D80BB3EC7FC51C028A30E3A76E6444046DF54116BFC51C0BC0F42E0D7E64440D5B4A8433AFC51C061C909520CE7444009BBFD6B2AFC51C014B77F3166E744400FC9419B10FC51C0772BBEA0F8E7444023BDA7AB08FC51C0845DC4A525E84440E4D7EC95ECFB51C0E16095AC50E8444051740190C7FB51C0BED563B28AE8444088B665D5A0FB51C0D6C9C9E1A4E8444030F155D676FB51C019AF1C18C2E84440F6B218E23FFB51C057C1E76DE7E84440B724CD5520FB51C08C9C373DE9E84440831683420CFB51C0108054C6EAE84440147DBB3BF3FA51C0129DF8E2EAE8444080B81746B0FA51C09B9E3ACB0AE944407C5C931695FA51C06CC0B63017E94440C67CD17F92FA51C0F807A1D275E94440A6219D3191FA51C0F7822FD2ABE94440C41170E98FFA51C0ECBBA84DDBE94440870D747A8EFA51C0CA31632514EA44402F261C938DFA51C048B079B339EA44400EA250178CFA51C00F2E486461EA4440AFDB3F7095FA51C02F1AAA969CEA4440DE21E43B9EFA51C0C8C34C1DD4EA44404E27CD5AA7FA51C0F0E4AC280FEB44400C575725C2FA51C07D80C0CCBCEB44403749264803FB51C04C4B4AD896EC4440B218230608FB51C0548770112AED444095AF915393FA51C08B80F60E65ED4440FF81C66658FA51C07A6D1FA13FEE44407E61EE2084FA51C0C36009F42FEF4440DFE855CA5CFA51C0CBF27D3AA4EF44407E90467FF4F951C0976B1E9732F044406116E42A5EF951C06FCE69132DF044402FD339804DF951C039FE2FFF04F044406D2957DC55F951C03EC47D42FDEF4440
176,-72.1894255852,41.5227073488,Millstone - Card 345kV transmission line,17155786,345000,line,0102000020E6100000F2000000BD4138D0410A52C0ADCB24741AAB4440F3702426320A52C0226A4EBB37AB44403A283B98370A52C0D67E968763AB44409D1FFFA13E0A52C0F9DC1D259CAB4440C05E0694450A52C01FF49903D4AB4440932706394D0A52C05B5F638011AC44408B210AC7540A52C0D63999424EAC4440F2751282640A52C0DC8C610F7BAC444067BDDFE5620A52C07547946498AC4440DF18ACC4600A52C03F5E692FBFAC44403131C9BA5C0A52C02D7A0FC808AD44405A836FE6380A52C0F1B889EB43AD4440CCB7172D180A52C05517BDED79AD4440B98AC36A1B0A52C097C1E466A6AD4440558EB1C41E0A52C0E085A766D4AD4440F99B29AB220A52C0E6FBB4F109AE44400226AD80260A52C0484238963EAE4440F549E1732F0A52C014B7A5AE6FAE444005E7BD1E380A52C0672CC2399FAE44401CEAC79F400A52C031D0FBDECDAE44401B2C859A490A52C051388C21FFAE444088ED4FD5520A52C04BB9E1C131AF4440B85A44C1570A52C0D6A793C04CAF4440910BBF00600A52C0E396BBFD79AF44406433835A4B0A52C0F3AC01079CAF4440D31EBF20350A52C000DFB8A9C0AF4440DDCB1ED81F0A52C0DFD32DBEE3AF44403EA9281B0E0A52C0031ED1FA00B0444023094A1F050A52C03770757723B044406AEAB740F80952C01FEB73DE54B044404A129138E50952C06B5E1EEA9DB044402FC921C6D80952C058263DB0CDB044401F3EF01AD20952C0FD0B9046E7B044403E552061C60952C06B08624814B14440C347DAE6CD0952C0A7D8668B4EB1444002D7F262D40952C02472E5C680B1444019C310B6DE0952C079E163C1D0B1444026A35D6FE40952C015258515FDB144400366901CE80952C0D30B0F9019B24440744BBEC4EE0952C034C5F31C4DB24440AF54EEF3F20952C0549CED1979B2444021A33625F80952C011A51CACAFB244405A7C3A7D020A52C0D40D395D1CB34440A245FCEE090A52C00563A4A54CB344409F9C519C130A52C0B84CC1658BB344400831EA201B0A52C0B75CBF28BCB34440F33C8410230A52C0B9E2439FEFB34440D0D8669D2A0A52C0E0CA469220B44440834632F4300A52C081819CAE49B44440E310C447360A52C0885819376CB44440D7AFB055460A52C0D148AF51D4B44440CB0792CC570A52C00446278B45B5444011DF63B55F0A52C0F9024AD478B54440A8B512EB670A52C00873620EAEB54440B3AC3E64720A52C0D5D407F3F1B54440A4FE4AB3770A52C08DDECE5B14B6444076B59F587D0A52C0C53D1AF638B644404B29D7C14F0A52C046CDBA89A8B64440599EDCC0450A52C055CF0506C1B6444040A6CEB9520A52C037706E8F09B74440996195525B0A52C0D4BFFDA139B7444001264D40630A52C0C58AA6F665B74440EC386F6B6B0A52C0774A91A293B744401CAAF171780A52C066E9D675DCB74440EFE293DB7E0A52C00C8ABE4F00B844403A97BD9A850A52C0CC6D4EDF25B844407E0CFD358F0A52C023E4EE595BB84440F780EFE1950A52C0AF54307D80B8444044101DFC9D0A52C0DDCC3399ADB84440061EBF1EA50A52C0B5CD4B4FD5B84440B053288DAE0A52C09EBF62D109B94440E90C716EB60A52C0D38C14AE35B9444079CB85A0BD0A52C081DD33BC5DB944408BD17CD4C40A52C0350E0AD285B94440E8A289F5D00A52C03A38F955C9B94440483DFCDFD50A52C02DDE3AB3E4B94440B667E1A3DD0A52C000041CEC0FBA4440A0818B0AE60A52C0E51B89AD3EBA4440CC53F288EE0A52C0D661DAF26DBA444042A6D542F50A52C00BA13C6293BA44404431FFBDF30A52C0B25F9CCECFBA4440DC65B226F20A52C014ABC6100FBB4440419D06FAF00A52C0FDA781CE3DBB4440CF578D11F00A52C0E99A70E861BB44406C7B4350EF0A52C0B48F18F87FBB4440ABFAF7D9F70A52C04C1F237BA5BB444057F9B9A3000B52C095DD1516CCBB44406524A00E0D0B52C06C9054A302BC44406E59FB67180B52C0CA31397F34BC4440C94F042E230B52C04176E1D463BC4440E3268ACE2C0B52C0EA94FC1E8EBC444062250050370B52C0DAE05F44BCBC44403171E6F0400B52C0AF4ADA90E6BC4440EC5149EF4C0B52C016640A3E1BBD444098E068F4560B52C0EE86B44047BD4440936E6546610B52C015766F9674BD444090E7BC77710B52C0DE4A3CB6BBBD4440DE38AE437F0B52C03714674EF8BD4440AA20C8F77F0B52C08796E53F39BE444050AE4695800B52C04849351972BE44403B0F0901810B52C060BED01999BE44403B3F286A810B52C06C6DF5E0BEBE44400A42C9D4810B52C03E34898CE5BE44408DB9CA3F820B52C00565780C0CBF44400CC41699820B52C07DA3D4452CBF4440B373A428830B52C0CFC28D0D60BF444058D88B98830B52C044B7AA8F88BF4440EEFCDA0E840B52C0D8CC363FB3BF4440F4C246B7840B52C01668FDDEEFBF4440C8090606850B52C0EB6FE66C0CC044409DCB8ADD850B52C0D5A081305AC044403A7F9E57860B52C0DF5FE64586C044401A0D7EDB860B52C0F30353D3B5C044400697D774870B52C089D6392AEDC04440E6FB1FCB870B52C074EA77650CC1444061C24D40880B52C0B5F6629B36C1444023A765A3880B52C0D49E94445AC144406688B9E8880B52C0F7106C6973C14440105A566A890B52C0DCFD582AA2C1444056AFE7FC890B52C09B9E7E01D7C14440E23073F48A0B52C03CD9363A30C24440129598978B0B52C0A7198C1B6BC2444035DB34338C0B52C03962B136A3C244408EEB30B6860B52C0AD7C6E5EEFC2444006FEAAF0810B52C0BD6F369631C34440B68CE4D17E0B52C089FF96E05CC34440D4FCBD407A0B52C01ABEE2409CC344403B74956F770B52C0D65C9B58C3C34440309F6B7A730B52C0AC045045FAC3444015D83C5E6E0B52C011965A2B41C444401DA7912B660B52C04CE661EBB2C444401ECEE14B620B52C01D43AEACE8C444401E1EC9995E0B52C0498C86F21BC54440CFFE30D65B0B52C07DD3894742C54440C7A4CC69580B52C09FDEE0CC71C5444040C0225B510B52C0BEFEAAB1D3C54440ACE432F74C0B52C0BC41DF9810C644409A5E350C490B52C09FBA4BF146C644408B2532BC420B52C099BE2E879EC64440C3919ADE3F0B52C0B6153042C6C6444031A112C83A0B52C022E1EAD90CC74440560470B9450B52C0886152492BC74440192D8C24530B52C0D84A329A50C74440F1511D676F0B52C0A567F6329FC74440A1E4D7F47A0B52C0037EFF53BFC74440A8407600890B52C0AEBE5563E6C744409D91CF3B9A0B52C0F210CB4E16C844405E68BD4BA70B52C0DB1EE3A03AC84440EC1F3DD4B40B52C0AA74FB4360C84440D11E5316C40B52C0730C4EB28AC84440817A66FFCE0B52C067CBB54CC9C8444080032F91D60B52C0E47D23BCF4C84440B2CB2021E00B52C0C8AD139C2BC9444044FB6B11F60B52C0ABBD4B7DA9C944408231C188020C52C0244EC5BFD9C94440D92CFE0E100C52C07007C1180ECA44406BF87C121D0C52C0F29A787940CA4440186928AE280C52C0171C3A666DCA4440B6C713AC300C52C0EECE86C191CA4440EBD323203A0C52C022D114C0BCCA4440BFDEED2D440C52C087AD5379EACA44402B9054764F0C52C03D51C0CC1DCB44406724A1B2580C52C0990D63CC47CB444044BD7CB06E0C52C0FD6C24CFABCB444024D59EE3930C52C0CDC4D4F954CC4440BF1BB7E7C30C52C069B59A55CBCC4440FED921DDE30C52C0B445341C1ACD4440F45CE18EF90C52C01CF1CB934FCD444029A426C20B0D52C0FC7176707CCD44409A0F166D280D52C01B496317C3CD4440E6874AEB380D52C06D9823BEEBCD444001937D0F4B0D52C06562847218CE44409A23A8396B0D52C07B6F56F63ECE4440D704C8C6850D52C01A1BE8C15ECE4440550E47309F0D52C0A8EC7B2F7DCE4440126514ADBC0D52C007288B7EA0CE444066494B29D90D52C00DCB4899C2CE44403F952C8CF10D52C00857B2CCDFCE4440312B3DE3030E52C078BC69C1F5CE44400DAF6652260E52C022E511FD1ECF4440D09B800E440E52C0E9B65C9642CF44402B544D86540E52C0BA90E64D56CF44402005E593660E52C0DC39FCEA6BCF4440D0A4FC847E0E52C05553799588CF4440B3D55E619F0E52C00D9B82ECAFCF444020B05CD7AA0E52C0280FB436F4CF4440AB715EBCB00E52C076F2385817D044401EA9BABFB70E52C061DD602041D044407BFACD97C00E52C046BAFBD075D044403DA831E8C60E52C0362ECE719BD04440979E3AAED10E52C09B0E6FA2DBD04440B1BCCBE5D90E52C09F9B23950CD144409AADDE1EE20E52C0B94441923DD144400DCE4EF4EA0E52C00090DB3472D144407A367006ED0E52C08476D97D9ED14440BF598EB4EF0E52C043149DBFD7D144400B5E9FC1F20E52C0213E5B0719D2444029B77F94F60E52C0B1EAA9B86AD24440A6B8EF36F90E52C0AF8F4213A3D244408D779CF9FC0E52C075A0BB7DF3D244408ED921D9010F52C0923EDCA65BD344404BDA4CBC090F52C00724261C8CD3444027C60929140F52C09BEFC42ACCD34440DA351C8D1E0F52C02559B7010CD4444065A73624280F52C0A6472CEC46D444404527F9C22E0F52C0F142799A6FD4444088331ED5390F52C05BC0CD9DB3D444409F5D78763E0F52C08173AD0ED0D44440C7724F03440F52C03735312AF2D4444049EA43004B0F52C024478A171DD5444035A84A1D540F52C02942391255D544405B1484C55C0F52C09849D13E93D544405071B3D8630F52C0C81B7B4BC8D544400D3B37176B0F52C048228664FBD54440A9BE1EBA710F52C0B939145E2CD644409F06B61A780F52C096543E8758D64440883ED4EA7E0F52C0DEE9136C8AD64440325B0A1E860F52C0AE30D0E4BED64440BDAC693E8D0F52C03BDBF056F2D6444053B1F0CF910F52C022CB5DE213D7444067A24F51980F52C0762871EE43D74440CEBB224D9F0F52C03D23FC7074D744402E7F2C65A40F52C0EF6C417B99D74440A5FAA64CAB0F52C0A7ADDE25CBD744400CD64A68B10F52C0D6795528F9D7444095ACE4FFB70F52C0993F47A127D84440DB83B6E8BF0F52C080A75EED60D84440F95508C9C60F52C003533AA383D8444093224210D00F52C05E67AC77B2D84440B99503F4D80F52C0FBD34F59DFD8444024F608D1CA0F52C0B472163FE9D8444064110B4ABD0F52C048EC20B7F2D84440F40E36289F0F52C09FDD09CE07D94440CBE1EBE1840F52C03116EF311AD9444078014380700F52C0D761397628D94440381EC2095F0F52C0943236AF34D9444051E9B736430F52C067E7652848D944405AEFC016350F52C0EC103C0B52D94440E5985CB01F0F52C0732E36677CD9444099A02EE90B0F52C00016668CA3D944400D565704050F52C07B90581CC2D94440230C81C6020F52C08F19EE06C9D94440
177,-72.1520377087,41.4005073959,Millstone - Montville 345kV transmission line,43103797,345000,line,0102000020E610000055000000BD4138D0410A52C0ADCB24741AAB4440B4BE49A4370A52C0E05C713F39AB4440A39C18A63C0A52C0EC364DBD61AB444037C15AAE430A52C03D552B9E9AAB444033AD4EC54A0A52C019C996F6D3AB4440263A9D41520A52C024613D8110AC4440CD12B590590A52C062218F9E4BAC4440F429C6BC690A52C0AE6DB59B79AC4440F4694918680A52C0F7046B7697AC4440A6734882650A52C0AA593C76C6AC444028C06BB2610A52C09C4053C00BAD444053E446F03A0A52C065FB1F764BAD4440237FA72F1D0A52C02F40C65E7CAD4440EA19C748200A52C01CDCD1C6A5AD44405A5DECB5230A52C0ED066095D3AD44407C4C19C8270A52C0D3375F040AAE44407E47D8992B0A52C01688A8113DAE4440BA826E3F340A52C0740EFF176EAE444055EF69B43C0A52C070432E0B9EAE44407D4D93E5440A52C0CE1C407BCCAE4440C384A3A04D0A52C018B1E6FAFDAE4440785DD08D560A52C04D76059530AF4440D231D7CF5A0A52C08BE632BA48AF4440FE335DB7630A52C0BDD353357BAF4440367166F24D0A52C0C39B7E35A0AF444075815215380A52C0C722C75EC5AF444056E9AE68230A52C0CE135A81E8AF4440E03BDB78110A52C0088007FE06B04440BF9C95B4090A52C039A2A31725B0444084716301FF0952C0C533A8904EB04440C9677643EC0952C047F4083697B04440BE6E03BDDD0952C0E34CB582CFB04440C16788EFD60952C0F6020DE0E9B04440CE2A21C1CB0952C06D7B273415B1444061F6AC32D20952C072E72C454DB144406B62BC9ED70952C0A81D82707CB14440DD80E566DC0952C053EB6E0BA6B14440B3D40E87E20952C0D5BCE150DBB144405A04965FE60952C09645E5CAFCB14440C074D8E4E90952C0891D8B671BB2444006337792EF0952C06CAF1CCC4CB244404DBA6E9BF40952C0F65D2B9A78B2444053E25F23FA0952C02DB39EB4A8B2444059F3647D010A52C0BD7DC8A7E8B244407A80FF41070A52C0CF377FD51AB344405E34C9BF820A52C0FA2B8E6F3AB6444036EFD2C97C0A52C0AEE563F848B6444060312271540A52C0A8A3155EABB6444061E8DC3A4B0A52C02FA340D4C1B6444040BF01F5540A52C008894F1AF8B64440A0F2A0635F0A52C075FFF14F32B74440F277598F680A52C0395B0D7C65B744402C7AF414730A52C0EF452A31A0B7444024EB22A3790A52C05CFAC2C5C4B7444026015CBD830A52C070EB1D21FDB744406D26CEE6830A52C0C3B20766F0B744407040DB7F660A52C001068EDDD8B744409497B56B450A52C0297DCF62BEB74440574265FF230A52C00C7BEDA1A3B744404369CC09FC0952C0361BDFA483B744409B21D277E30952C0CCCF79FA6FB74440641BD021BD0952C015DB4F7974B7444014A0CD0A920952C05084A58779B744405B5BB8FB6F0952C0001A3B867DB7444010916FFE510952C0616A370A81B74440D9FA02FF300952C04314F5847FB744407FDC3C69060952C0678FB48E7DB74440E155872DE50852C0CE460E067CB7444021169970CC0852C0084F63D66EB74440126EB3DDB40852C0CE6F534462B74440F6DEF855970852C0D483608652B744406A3E7FD77A0852C05BDDC55643B7444027DA701E560852C00E6842C22FB744406F270DC6320852C08F96F8EA1CB7444085EF345AFC0752C02A1B03E7FFB6444040E04E1DD00752C096F36C51E8B64440089875F0AD0752C0F40FBE18D6B64440F4AB7179960752C016E27B87D6B644401B3E8E92770752C0E57E4119D7B644403087298D610752C0CF993781D7B644401D57210E3D0752C0A1C370E4C5B6444087E17D9A1C0752C03A31893AB6B6444042592650ED0652C06393B5FCBAB64440EEB6B93CD30652C045E2C2E8C9B6444015A907BABB0652C025469445DDB64440
178,-72.1894255852,41.5227073488,Millstone - Card 345kV transmission line,17155786,345000,line,0102000020E6100000F2000000BD4138D0410A52C0ADCB24741AAB4440F3702426320A52C0226A4EBB37AB44403A283B98370A52C0D67E968763AB44409D1FFFA13E0A52C0F9DC1D259CAB4440C05E0694450A52C01FF49903D4AB4440932706394D0A52C05B5F638011AC44408B210AC7540A52C0D63999424EAC4440F2751282640A52C0DC8C610F7BAC444067BDDFE5620A52C07547946498AC4440DF18ACC4600A52C03F5E692FBFAC44403131C9BA5C0A52C02D7A0FC808AD44405A836FE6380A52C0F1B889EB43AD4440CCB7172D180A52C05517BDED79AD4440B98AC36A1B0A52C097C1E466A6AD4440558EB1C41E0A52C0E085A766D4AD4440F99B29AB220A52C0E6FBB4F109AE44400226AD80260A52C0484238963EAE4440F549E1732F0A52C014B7A5AE6FAE444005E7BD1E380A52C0672CC2399FAE44401CEAC79F400A52C031D0FBDECDAE44401B2C859A490A52C051388C21FFAE444088ED4FD5520A52C04BB9E1C131AF4440B85A44C1570A52C0D6A793C04CAF4440910BBF00600A52C0E396BBFD79AF44406433835A4B0A52C0F3AC01079CAF4440D31EBF20350A52C000DFB8A9C0AF4440DDCB1ED81F0A52C0DFD32DBEE3AF44403EA9281B0E0A52C0031ED1FA00B0444023094A1F050A52C03770757723B044406AEAB740F80952C01FEB73DE54B044404A129138E50952C06B5E1EEA9DB044402FC921C6D80952C058263DB0CDB044401F3EF01AD20952C0FD0B9046E7B044403E552061C60952C06B08624814B14440C347DAE6CD0952C0A7D8668B4EB1444002D7F262D40952C02472E5C680B1444019C310B6DE0952C079E163C1D0B1444026A35D6FE40952C015258515FDB144400366901CE80952C0D30B0F9019B24440744BBEC4EE0952C034C5F31C4DB24440AF54EEF3F20952C0549CED1979B2444021A33625F80952C011A51CACAFB244405A7C3A7D020A52C0D40D395D1CB34440A245FCEE090A52C00563A4A54CB344409F9C519C130A52C0B84CC1658BB344400831EA201B0A52C0B75CBF28BCB34440F33C8410230A52C0B9E2439FEFB34440D0D8669D2A0A52C0E0CA469220B44440834632F4300A52C081819CAE49B44440E310C447360A52C0885819376CB44440D7AFB055460A52C0D148AF51D4B44440CB0792CC570A52C00446278B45B5444011DF63B55F0A52C0F9024AD478B54440A8B512EB670A52C00873620EAEB54440B3AC3E64720A52C0D5D407F3F1B54440A4FE4AB3770A52C08DDECE5B14B6444076B59F587D0A52C0C53D1AF638B644404B29D7C14F0A52C046CDBA89A8B64440599EDCC0450A52C055CF0506C1B6444040A6CEB9520A52C037706E8F09B74440996195525B0A52C0D4BFFDA139B7444001264D40630A52C0C58AA6F665B74440EC386F6B6B0A52C0774A91A293B744401CAAF171780A52C066E9D675DCB74440EFE293DB7E0A52C00C8ABE4F00B844403A97BD9A850A52C0CC6D4EDF25B844407E0CFD358F0A52C023E4EE595BB84440F780EFE1950A52C0AF54307D80B8444044101DFC9D0A52C0DDCC3399ADB84440061EBF1EA50A52C0B5CD4B4FD5B84440B053288DAE0A52C09EBF62D109B94440E90C716EB60A52C0D38C14AE35B9444079CB85A0BD0A52C081DD33BC5DB944408BD17CD4C40A52C0350E0AD285B94440E8A289F5D00A52C03A38F955C9B94440483DFCDFD50A52C02DDE3AB3E4B94440B667E1A3DD0A52C000041CEC0FBA4440A0818B0AE60A52C0E51B89AD3EBA4440CC53F288EE0A52C0D661DAF26DBA444042A6D542F50A52C00BA13C6293BA44404431FFBDF30A52C0B25F9CCECFBA4440DC65B226F20A52C014ABC6100FBB4440419D06FAF00A52C0FDA781CE3DBB4440CF578D11F00A52C0E99A70E861BB44406C7B4350EF0A52C0B48F18F87FBB4440ABFAF7D9F70A52C04C1F237BA5BB444057F9B9A3000B52C095DD1516CCBB44406524A00E0D0B52C06C9054A302BC44406E59FB67180B52C0CA31397F34BC4440C94F042E230B52C04176E1D463BC4440E3268ACE2C0B52C0EA94FC1E8EBC444062250050370B52C0DAE05F44BCBC44403171E6F0400B52C0AF4ADA90E6BC4440EC5149EF4C0B52C016640A3E1BBD444098E068F4560B52C0EE86B44047BD4440936E6546610B52C015766F9674BD444090E7BC77710B52C0DE4A3CB6BBBD4440DE38AE437F0B52C03714674EF8BD4440AA20C8F77F0B52C08796E53F39BE444050AE4695800B52C04849351972BE44403B0F0901810B52C060BED01999BE44403B3F286A810B52C06C6DF5E0BEBE44400A42C9D4810B52C03E34898CE5BE44408DB9CA3F820B52C00565780C0CBF44400CC41699820B52C07DA3D4452CBF4440B373A428830B52C0CFC28D0D60BF444058D88B98830B52C044B7AA8F88BF4440EEFCDA0E840B52C0D8CC363FB3BF4440F4C246B7840B52C01668FDDEEFBF4440C8090606850B52C0EB6FE66C0CC044409DCB8ADD850B52C0D5A081305AC044403A7F9E57860B52C0DF5FE64586C044401A0D7EDB860B52C0F30353D3B5C044400697D774870B52C089D6392AEDC04440E6FB1FCB870B52C074EA77650CC1444061C24D40880B52C0B5F6629B36C1444023A765A3880B52C0D49E94445AC144406688B9E8880B52C0F7106C6973C14440105A566A890B52C0DCFD582AA2C1444056AFE7FC890B52C09B9E7E01D7C14440E23073F48A0B52C03CD9363A30C24440129598978B0B52C0A7198C1B6BC2444035DB34338C0B52C03962B136A3C244408EEB30B6860B52C0AD7C6E5EEFC2444006FEAAF0810B52C0BD6F369631C34440B68CE4D17E0B52C089FF96E05CC34440D4FCBD407A0B52C01ABEE2409CC344403B74956F770B52C0D65C9B58C3C34440309F6B7A730B52C0AC045045FAC3444015D83C5E6E0B52C011965A2B41C444401DA7912B660B52C04CE661EBB2C444401ECEE14B620B52C01D43AEACE8C444401E1EC9995E0B52C0498C86F21BC54440CFFE30D65B0B52C07DD3894742C54440C7A4CC69580B52C09FDEE0CC71C5444040C0225B510B52C0BEFEAAB1D3C54440ACE432F74C0B52C0BC41DF9810C644409A5E350C490B52C09FBA4BF146C644408B2532BC420B52C099BE2E879EC64440C3919ADE3F0B52C0B6153042C6C6444031A112C83A0B52C022E1EAD90CC74440560470B9450B52C0886152492BC74440192D8C24530B52C0D84A329A50C74440F1511D676F0B52C0A567F6329FC74440A1E4D7F47A0B52C0037EFF53BFC74440A8407600890B52C0AEBE5563E6C744409D91CF3B9A0B52C0F210CB4E16C844405E68BD4BA70B52C0DB1EE3A03AC84440EC1F3DD4B40B52C0AA74FB4360C84440D11E5316C40B52C0730C4EB28AC84440817A66FFCE0B52C067CBB54CC9C8444080032F91D60B52C0E47D23BCF4C84440B2CB2021E00B52C0C8AD139C2BC9444044FB6B11F60B52C0ABBD4B7DA9C944408231C188020C52C0244EC5BFD9C94440D92CFE0E100C52C07007C1180ECA44406BF87C121D0C52C0F29A787940CA4440186928AE280C52C0171C3A666DCA4440B6C713AC300C52C0EECE86C191CA4440EBD323203A0C52C022D114C0BCCA4440BFDEED2D440C52C087AD5379EACA44402B9054764F0C52C03D51C0CC1DCB44406724A1B2580C52C0990D63CC47CB444044BD7CB06E0C52C0FD6C24CFABCB444024D59EE3930C52C0CDC4D4F954CC4440BF1BB7E7C30C52C069B59A55CBCC4440FED921DDE30C52C0B445341C1ACD4440F45CE18EF90C52C01CF1CB934FCD444029A426C20B0D52C0FC7176707CCD44409A0F166D280D52C01B496317C3CD4440E6874AEB380D52C06D9823BEEBCD444001937D0F4B0D52C06562847218CE44409A23A8396B0D52C07B6F56F63ECE4440D704C8C6850D52C01A1BE8C15ECE4440550E47309F0D52C0A8EC7B2F7DCE4440126514ADBC0D52C007288B7EA0CE444066494B29D90D52C00DCB4899C2CE44403F952C8CF10D52C00857B2CCDFCE4440312B3DE3030E52C078BC69C1F5CE44400DAF6652260E52C022E511FD1ECF4440D09B800E440E52C0E9B65C9642CF44402B544D86540E52C0BA90E64D56CF44402005E593660E52C0DC39FCEA6BCF4440D0A4FC847E0E52C05553799588CF4440B3D55E619F0E52C00D9B82ECAFCF444020B05CD7AA0E52C0280FB436F4CF4440AB715EBCB00E52C076F2385817D044401EA9BABFB70E52C061DD602041D044407BFACD97C00E52C046BAFBD075D044403DA831E8C60E52C0362ECE719BD04440979E3AAED10E52C09B0E6FA2DBD04440B1BCCBE5D90E52C09F9B23950CD144409AADDE1EE20E52C0B94441923DD144400DCE4EF4EA0E52C00090DB3472D144407A367006ED0E52C08476D97D9ED14440BF598EB4EF0E52C043149DBFD7D144400B5E9FC1F20E52C0213E5B0719D2444029B77F94F60E52C0B1EAA9B86AD24440A6B8EF36F90E52C0AF8F4213A3D244408D779CF9FC0E52C075A0BB7DF3D244408ED921D9010F52C0923EDCA65BD344404BDA4CBC090F52C00724261C8CD3444027C60929140F52C09BEFC42ACCD34440DA351C8D1E0F52C02559B7010CD4444065A73624280F52C0A6472CEC46D444404527F9C22E0F52C0F142799A6FD4444088331ED5390F52C05BC0CD9DB3D444409F5D78763E0F52C08173AD0ED0D44440C7724F03440F52C03735312AF2D4444049EA43004B0F52C024478A171DD5444035A84A1D540F52C02942391255D544405B1484C55C0F52C09849D13E93D544405071B3D8630F52C0C81B7B4BC8D544400D3B37176B0F52C048228664FBD54440A9BE1EBA710F52C0B939145E2CD644409F06B61A780F52C096543E8758D64440883ED4EA7E0F52C0DEE9136C8AD64440325B0A1E860F52C0AE30D0E4BED64440BDAC693E8D0F52C03BDBF056F2D6444053B1F0CF910F52C022CB5DE213D7444067A24F51980F52C0762871EE43D74440CEBB224D9F0F52C03D23FC7074D744402E7F2C65A40F52C0EF6C417B99D74440A5FAA64CAB0F52C0A7ADDE25CBD744400CD64A68B10F52C0D6795528F9D7444095ACE4FFB70F52C0993F47A127D84440DB83B6E8BF0F52C080A75EED60D84440F95508C9C60F52C003533AA383D8444093224210D00F52C05E67AC77B2D84440B99503F4D80F52C0FBD34F59DFD8444024F608D1CA0F52C0B472163FE9D8444064110B4ABD0F52C048EC20B7F2D84440F40E36289F0F52C09FDD09CE07D94440CBE1EBE1840F52C03116EF311AD9444078014380700F52C0D761397628D94440381EC2095F0F52C0943236AF34D9444051E9B736430F52C067E7652848D944405AEFC016350F52C0EC103C0B52D94440E5985CB01F0F52C0732E36677CD9444099A02EE90B0F52C00016668CA3D944400D565704050F52C07B90581CC2D94440230C81C6020F52C08F19EE06C9D94440
179,-72.1617223159,41.3255962898,345kV transmission line,43050797,345000,line,0102000020E6100000070000005E28F3E78C0A52C0F6C03CEB3CA844407FD30E848A0A52C0A44828744EA84440404944A4790A52C0FA24BA6A91A844406B3431304E0A52C07591B1770EA9444075E51194470A52C0B916487B16AA4440977ABB1F640A52C05AF23410CFAA4440BD4138D0410A52C0ADCB24741AAB4440
180,-72.7543249472,41.4912469419,Millstone - Haddam - Beseck 345kV transmission line,139886602,345000,line,0102000020E61000000400000051263C003D3052C0A5BCEE261BBF444062F33714463052C0DCA14FE5ECBE444022EF2E374B3052C0727FF7C6C0BE444038F0F1AA4F3052C04E832CCFA6BE4440
181,-72.7538178025,41.5003800089,Millstone - Haddam - Beseck 345kV transmission line,139886604,345000;115000,line,0102000020E610000008000000A69C6A97283052C02E8A3C85F9C044408BDB0335363052C0981CCDB2B6C04440A8FD2FF53F3052C07E143B1A85C04440B00025D8463052C088EF30F755C04440E87CF1EC413052C0839C2BA5DDBF44403FAB546B413052C0D0C3E25F99BF444056AC244D3F3052C0AD85C6F15ABF444051263C003D3052C0A5BCEE261BBF4440
182,-72.6685839145,41.5159772741,Millstone - Haddam - Beseck 345kV transmission line,49810099,345000,line,0102000020E61000006200000058FA291FB12352C04A3294FE74C144406E45B954D52352C02362516864C144401C57A03BFD2352C0BFBE2F6755C14440859A91F01A2452C0DB0A01A94BC14440248FA2E3362452C03B1E172F42C14440735FDAE4532452C0DE2E7D053AC144401447557E8C2452C07044649131C1444013941B61A42452C0CF81F9721DC144409A1D8FD5CF2452C00515BA4511C1444007095EEDFC2452C08708EC4904C14440BA145192342552C0425D8D0A06C14440330E45BF632552C011723C8E07C144406DAA86E6902552C07DD99D6209C14440455C6167C32552C0743B77060BC14440BCBC1BA2F32552C066720BCB0CC144402D942C65002652C06531546E0EC144408CA32F70362652C0E80F402E15C14440DE3772305D2652C0FCBBCE1C1BC14440A3BC055D8C2652C08C01EBCC21C1444086AAEABCB62652C0BD4E44CB27C1444037F713D1E02652C0036E69D92DC144400115FBCB012752C0215812CD3CC1444042A353C61A2752C0BB7B681748C14440098FC7DC3D2752C01CA3A12D58C144403A8852F3642752C0CC018C286AC144401C1E413E7C2752C04809D47576C14440BD3D3DDA952752C0998FAE5297C144401CF5563EB22752C053EB803390C144404F8DE300EB2752C00C64B1F581C144409EE49C860B2852C0977348CD79C14440239FE2772B2852C034A11BCA71C144403E1C9F2D7D2852C0ED965DB367C1444041416F4A9E2852C093019C9C63C1444051F71EF0E52852C01FD78BC35AC144402EF6F30B162952C0EEE2F22E59C144408A9286B9322952C0977C6E3D58C1444093152F816C2952C021EAE5E94BC144408F0DB30B992952C02B8A366942C14440C68F3A6CAD2952C095E2D90F3EC144405699E84FBB2952C0B3D922B342C14440DBEB8DD5F92952C091CE249457C14440B03207C0292A52C03C68549467C14440D2B512BA3D2A52C0A1AD6D406EC1444047F4BD026E2A52C0D0B1A0F46CC14440066D9A718B2A52C06894941E68C144404CA3DD3CAD2A52C0FE7FF07A64C1444030CCEAEDE62A52C009A40A735EC1444029A192962C2B52C0D970A75C56C14440812DA775582B52C0F874BB967AC14440A7D101E07E2B52C0DD6C464F9AC144407B9DC2AFA72B52C0BA5D6802BCC1444039585C19CE2B52C09D5192B9DBC14440FC7FAB94F42B52C0F1BA6980FBC14440C3763501202C52C0BA8B714CF4C14440C0F78E8B4D2C52C0C566C0BEECC1444094BE01BF802C52C0FC853E41E4C14440C6B78CD5A72C52C04E43C4C5DDC14440C5568113C02C52C0CAE0A17CFCC144409F698132CD2C52C0C4582E1C0DC244403332F9A6E82C52C039A924E62FC24440D14B201BF62C52C0261F79C45EC24440DB3970DD022D52C018DD08378BC2444023C5F500102D52C09E1350FBB8C2444074E681FF4C2D52C00C97C7F5DCC24440F9DFD02E4E2D52C04A3A30FD05C34440256016C04F2D52C0813FF4533CC344407D999C02512D52C0B8B0F9F767C34440A8206ACF522D52C053B6A142A6C34440B89EF8B27C2D52C04E55D4C4A5C34440D82AB919A22D52C067FF9054A5C344401A0FC11BCA2D52C0F1CA67DCA4C34440A2FF070CF02D52C05A68B2DBBBC34440B10097C70E2E52C0717DD47CCEC344404E382537212E52C0140280A9D9C344407D572610642E52C07EB8792E02C44440E46F398A7D2E52C0473DB3E2FAC34440F3D79BC1962E52C0C557F8A8F3C344404B6D7FE9C62E52C0BCC908DDE5C34440451823B5E82E52C022FECA81D2C344409F2204AC062F52C0F050F158C1C344409FECC9B6292F52C09400F747ADC34440D9AD215F482F52C063A9EDB89BC344401DBEC71D622F52C0E63DD4FA8CC344408C353ACEAA2F52C081AAC7B7AEC344408EB5EDB2DD2F52C05BAADBF3D3C344401A679813DF2F52C0538B2DF3C3C344404A84B21FE12F52C0BD0B0E7C92C344405DFC9225EB2F52C09C7C36DF44C344401AED5916F52F52C0F812D161EFC24440A187F1FE0B3052C065D67B9796C244403CFB74AF143052C0E61D6BDB64C2444023B38CC81E3052C03F5634FA2AC24440370BB257263052C089FF95A8FFC14440EB7F1258263052C04CB85206BFC14440A583375C263052C0D7E370BC8FC14440836DBA29263052C0D860F66D61C144408F1BA16C273052C02626D0DF2EC14440A69C6A97283052C02E8A3C85F9C04440
183,-72.5547137114,41.511668103,Haddam Neck - Scovill Rock 345kV transmission line,49810088,345000,line,0102000020E61000000200000058FA291FB12352C04A3294FE74C14440887BB6BC4F2352C05BC0B1AF87C14440
184,-72.5171005683,41.5084737867,Haddam Neck - Scovill Rock 345kV transmission line,49810091,345000,line,0102000020E61000001D0000009E988486871F52C052A3861293BE4440D823F50B931F52C01BC772B2CEBE4440A86A9A7EA01F52C0E571069110BF44404C137988B41F52C0A6B6B01347BF44401A9E1595D51F52C0F18284B59DBF44406E800504EE1F52C0DA93CEA3DCBF44408EBAB1EB052052C0E5C452F01DC04440495DCB2D1E2052C02CA62AF95EC044405024BE61352052C08A101EE79DC04440D8B7CD0E4C2052C072AE1731DAC0444011F590E5652052C0CC75FBE71EC144404C64C7A07D2052C0472918AB5FC144409F46B70F962052C08504A9459DC1444097FA1CB6C22052C0FD700D54A8C14440FA60A926E82052C0CF026C98B2C1444075F3E3B30F2152C0735CA363BDC14440D6E0F1A8382152C0AF5BFE3BC9C1444005BFF508602152C068B7CC4DFCC1444074B6B4D4752152C00C21DA4219C244408FD5CC97942152C05B63D32A44C244404292A5DEB62152C082FBD8F330C244401107D0DAF62152C0A941C1410FC244403883C7D0692252C08FD1098ED4C1444036CCACC6AF2252C08458D703B1C1444015E4C18BDB2252C03320E546A7C14440E16E512A032352C0CCAB35BB9EC144408C3BAD7D072352C07A1DF5CB9DC14440F475C27B272352C07A388AF391C14440887BB6BC4F2352C05BC0B1AF87C14440
185,-72.7543249472,41.4912469419,Millstone - Haddam - Beseck 345kV transmission line,139886602,345000,line,0102000020E61000000400000051263C003D3052C0A5BCEE261BBF444062F33714463052C0DCA14FE5ECBE444022EF2E374B3052C0727FF7C6C0BE444038F0F1AA4F3052C04E832CCFA6BE4440
186,-72.7538178025,41.5003800089,Millstone - Haddam - Beseck 345kV transmission line,139886604,345000;115000,line,0102000020E610000008000000A69C6A97283052C02E8A3C85F9C044408BDB0335363052C0981CCDB2B6C04440A8FD2FF53F3052C07E143B1A85C04440B00025D8463052C088EF30F755C04440E87CF1EC413052C0839C2BA5DDBF44403FAB546B413052C0D0C3E25F99BF444056AC244D3F3052C0AD85C6F15ABF444051263C003D3052C0A5BCEE261BBF4440
187,-72.6685839145,41.5159772741,Millstone - Haddam - Beseck 345kV transmission line,49810099,345000,line,0102000020E61000006200000058FA291FB12352C04A3294FE74C144406E45B954D52352C02362516864C144401C57A03BFD2352C0BFBE2F6755C14440859A91F01A2452C0DB0A01A94BC14440248FA2E3362452C03B1E172F42C14440735FDAE4532452C0DE2E7D053AC144401447557E8C2452C07044649131C1444013941B61A42452C0CF81F9721DC144409A1D8FD5CF2452C00515BA4511C1444007095EEDFC2452C08708EC4904C14440BA145192342552C0425D8D0A06C14440330E45BF632552C011723C8E07C144406DAA86E6902552C07DD99D6209C14440455C6167C32552C0743B77060BC14440BCBC1BA2F32552C066720BCB0CC144402D942C65002652C06531546E0EC144408CA32F70362652C0E80F402E15C14440DE3772305D2652C0FCBBCE1C1BC14440A3BC055D8C2652C08C01EBCC21C1444086AAEABCB62652C0BD4E44CB27C1444037F713D1E02652C0036E69D92DC144400115FBCB012752C0215812CD3CC1444042A353C61A2752C0BB7B681748C14440098FC7DC3D2752C01CA3A12D58C144403A8852F3642752C0CC018C286AC144401C1E413E7C2752C04809D47576C14440BD3D3DDA952752C0998FAE5297C144401CF5563EB22752C053EB803390C144404F8DE300EB2752C00C64B1F581C144409EE49C860B2852C0977348CD79C14440239FE2772B2852C034A11BCA71C144403E1C9F2D7D2852C0ED965DB367C1444041416F4A9E2852C093019C9C63C1444051F71EF0E52852C01FD78BC35AC144402EF6F30B162952C0EEE2F22E59C144408A9286B9322952C0977C6E3D58C1444093152F816C2952C021EAE5E94BC144408F0DB30B992952C02B8A366942C14440C68F3A6CAD2952C095E2D90F3EC144405699E84FBB2952C0B3D922B342C14440DBEB8DD5F92952C091CE249457C14440B03207C0292A52C03C68549467C14440D2B512BA3D2A52C0A1AD6D406EC1444047F4BD026E2A52C0D0B1A0F46CC14440066D9A718B2A52C06894941E68C144404CA3DD3CAD2A52C0FE7FF07A64C1444030CCEAEDE62A52C009A40A735EC1444029A192962C2B52C0D970A75C56C14440812DA775582B52C0F874BB967AC14440A7D101E07E2B52C0DD6C464F9AC144407B9DC2AFA72B52C0BA5D6802BCC1444039585C19CE2B52C09D5192B9DBC14440FC7FAB94F42B52C0F1BA6980FBC14440C3763501202C52C0BA8B714CF4C14440C0F78E8B4D2C52C0C566C0BEECC1444094BE01BF802C52C0FC853E41E4C14440C6B78CD5A72C52C04E43C4C5DDC14440C5568113C02C52C0CAE0A17CFCC144409F698132CD2C52C0C4582E1C0DC244403332F9A6E82C52C039A924E62FC24440D14B201BF62C52C0261F79C45EC24440DB3970DD022D52C018DD08378BC2444023C5F500102D52C09E1350FBB8C2444074E681FF4C2D52C00C97C7F5DCC24440F9DFD02E4E2D52C04A3A30FD05C34440256016C04F2D52C0813FF4533CC344407D999C02512D52C0B8B0F9F767C34440A8206ACF522D52C053B6A142A6C34440B89EF8B27C2D52C04E55D4C4A5C34440D82AB919A22D52C067FF9054A5C344401A0FC11BCA2D52C0F1CA67DCA4C34440A2FF070CF02D52C05A68B2DBBBC34440B10097C70E2E52C0717DD47CCEC344404E382537212E52C0140280A9D9C344407D572610642E52C07EB8792E02C44440E46F398A7D2E52C0473DB3E2FAC34440F3D79BC1962E52C0C557F8A8F3C344404B6D7FE9C62E52C0BCC908DDE5C34440451823B5E82E52C022FECA81D2C344409F2204AC062F52C0F050F158C1C344409FECC9B6292F52C09400F747ADC34440D9AD215F482F52C063A9EDB89BC344401DBEC71D622F52C0E63DD4FA8CC344408C353ACEAA2F52C081AAC7B7AEC344408EB5EDB2DD2F52C05BAADBF3D3C344401A679813DF2F52C0538B2DF3C3C344404A84B21FE12F52C0BD0B0E7C92C344405DFC9225EB2F52C09C7C36DF44C344401AED5916F52F52C0F812D161EFC24440A187F1FE0B3052C065D67B9796C244403CFB74AF143052C0E61D6BDB64C2444023B38CC81E3052C03F5634FA2AC24440370BB257263052C089FF95A8FFC14440EB7F1258263052C04CB85206BFC14440A583375C263052C0D7E370BC8FC14440836DBA29263052C0D860F66D61C144408F1BA16C273052C02626D0DF2EC14440A69C6A97283052C02E8A3C85F9C04440
188,-72.5635729878,41.5107084322,Haddam Neck - Scovill Rock 345kV transmission line,49810101,345000,line,0102000020E61000000700000058FA291FB12352C04A3294FE74C14440232ABC19D42352C019627CF06EC14440CF32C749FE2352C0B5BEA04066C144409F36E2D11B2452C0DD554C755BC1444069F6D107402452C0A7313D6650C144403FAEBAA6552452C04C5BAA8E49C1444006418594712452C08B226DC850C14440
189,-72.7530243513,41.4897157243,Millstone - Haddam - Beseck 345kV transmission line,140383649,345000,line,0102000020E610000004000000E86E27DA113052C0562FF4B9ABBE4440CDB5C2D03C3052C072FB89ACB8BE4440C8417815433052C09DF2AAA3AABE444000A9929B4A3052C06A8DA3049ABE4440
190,-72.7159312288,41.4897210923,Millstone - Haddam - Beseck 345kV transmission line,140383646,345000,line,0102000020E61000001C0000002AD659F78E2B52C0C1877C0F46BF44407B04962BA22B52C03ED329E943BF4440BC6102CDD32B52C0D4E63C0839BF4440E18E25C9012C52C0451C5EF12EBF4440CFF2B5CD1C2C52C03DF206E028BF4440DD49E722512C52C08266EB8B1DBF444033C757916C2C52C0E2042D7F13BF4440B923A6BD8F2C52C0B91B2D4606BF4440C380CB54B42C52C0CC4060AAF8BE44405A41087ADB2C52C0AF06A6E5E9BE44401767E99D112D52C0D3731BAED5BE444016850A35462D52C01D065328C2BE4440A9ACF38B7B2D52C004E4253FAEBE4440980D8A6F9E2D52C02DC22510A1BE4440164F2A9BD52D52C0DDE3A4758CBE444037A13CCE082E52C08543652A79BE4440ED4E451C3D2E52C0465BE17C65BE444055F274A35B2E52C0139E04965ABE444080CE171A8C2E52C05234E78748BE4440DE158FB9A92E52C0806268513DBE4440E7377F91C52E52C09A8CD8CD32BE4440D0EC8F1BDE2E52C0BFA50A6F3CBE4440B3552028162F52C05D4F49C651BE44405998B241462F52C012D73F1964BE44401374BA35632F52C05C66EF3B6FBE4440B87D5E9D8E2F52C0185FE8A07FBE4440CDE968CBA22F52C0C3CDE39385BE4440E86E27DA113052C0562FF4B9ABBE4440
191,-72.6716483567,41.4954107136,Millstone - Haddam - Beseck 345kV transmission line,140383644,345000,line,0102000020E61000000B00000072429D1D6B2A52C027A2E79596BF44404957BDFF8F2A52C09044EB4487BF4440283B32AFAC2A52C0E160011F82BF444098E45DA8C32A52C0329B975D74BF4440FA61D646E72A52C0C5AB4BC86BBF4440D35B96BCF82A52C0577C56AD67BF4440AD43C50EFB2A52C0DCE8B53E67BF4440BC166F00242B52C00C4D8BE55DBF44401D41F9C1592B52C0B74B436E51BF4440F9E04F8D762B52C00BFD2D334BBF44402AD659F78E2B52C0C1877C0F46BF4440
192,-72.6451967955,41.4935394186,Millstone - Haddam - Beseck 345kV transmission line,140383645,345000,line,0102000020E610000012000000B72C329B372852C0329D6BAF5ABE4440FC904DC2552852C065D0354773BE44409BA5269A6D2852C0C0BEEA1087BE4440F833A9D0892852C09EDDCE509EBE4440A21DAC9DA52852C033A1E07CB5BE4440F6031DB9CC2852C090588797D5BE4440D599F127F12852C053A88162F3BE4440CE506BCB082952C0D2E7A3F006BF4440A5B0245F342952C01887AEF72ABF4440F2C5137C522952C002D85D3743BF4440E81AFBD16B2952C00594484F58BF4440127A9E20912952C0F7993A2D77BF4440E809771DBD2952C0219ED60C9BBF4440215557D9D02952C0356F6FBFA3BF44408C77CD95FE2952C0CE273D4DB5BF44407283403B1A2A52C00EA2939AAEBF44403A7DD136372A52C033D4BEFBA5BF444072429D1D6B2A52C027A2E79596BF4440
193,-72.5513749188,41.470976214,Millstone - Haddam - Beseck 345kV transmission line,287508676,345000,line,0102000020E610000042000000ADA0A747541E52C06EE23C1AFDBA444043FC4A908B1E52C0578179E4F0BA4440222ADFD3911E52C03F2771E1EEBA44403998EAAAD91E52C0E64C79CFD7BA4440B78836D9F01E52C0EF457D5DD0BA4440067AE9D2FD1E52C0BBBC4333CCBA4440F4A73FE23B1F52C0B9144444B8BA44409687C590501F52C06932F3A0B1BA44407309A8F26E1F52C0D4D382DEA7BA444042364D3A931F52C08D2681379CBA444033EC1808A81F52C03F916F8995BA4440FD550664F31F52C07F0F5040B8BA4440DB21C2F52A2052C090AB8ED9D1BA44406A95EAA3612052C052511E09EBBA44401ED410AF842052C0FD14CC2DFBBA4440849928DEB62052C02EB4864B12BB44405595EE3AED2052C0CF560E552BBB44400CA589D61F2152C02FE9E8A442BB444084217EDB432152C03A830D3C53BB444064043309732152C0443FE8F668BB4440856A2ADBB22152C0A5E36F5B86BB44402E3F7B19DB2152C0918D0FE598BB4440F8F354F9F62152C0A45013BCA5BB4440C25E0F45292252C0492451E6BCBB4440B441F3EC4C2252C078F74C52CDBB44400E0A17E9612252C03FB5ADFCD6BB4440154219919B2252C0FD86AA8AF1BB444056ADA217C72252C00847469605BC44404384DC6FD22252C093C1F0CF0ABC4440C9104A05F62252C020DC4C331BBC4440BFC25B30252352C0250411ED30BC4440AE2840B03D2352C046BF35353CBC4440161A030A5B2352C058C550B949BC4440FBA0215C842352C072838BC15CBC444095446435CA2352C0C01BA3EC7CBC4440A39A1B6DE12352C0CC75EC9D87BC44407A2AF4690D2452C0B8ECEFDF9BBC44403EB28E252E2452C0AE2A11F3AABC444021BCA0E1522452C01BBC9DDDBBBC4440E48A4634722452C043D9B14ACABC4440DAACFA23A02452C072605B5DF7BC444022274F65C82452C0381136DE1EBD4440AB05F8C3E52452C01221A5F41ABD4440CB954645132552C03BD97AE314BD444087AECA053D2552C0BFAFAA0E24BD444077F560BE762552C054CEA70639BD4440F2D53B8C962552C06C53729444BD4440968DB198C12552C0FF065D3854BD4440E5DDD574E82552C0AC69235662BD4440826F9498182652C0753719D373BD44400C20659B392652C03F6F27D17FBD44409A643BD0562652C0E476C86D8ABD44405DC9F9A9902652C008575E719FBD44403AAA5A5CC22652C0C476497FB1BD44407F85A083DF2652C0E586C516BCBD4440F0E27249022752C0FA1570B8C8BD4440027D4865192752C0FA467D1CD1BD44409467B5EF412752C0A72B8ED7DFBD4440980504885F2752C0696DA097EABD444025CF14347C2752C04EDF4F01F5BD4440D7B23D9B9A2752C066E56F0C00BE4440E26B2DC6AA2752C0D16C2C5607BE4440AAE5C478C42752C0CA1E25EC12BE444003DF748DFD2752C0029DDEA62CBE4440DD98BE150A2852C07E15059D33BE4440B72C329B372852C0329D6BAF5ABE4440
194,-72.4676280065,41.4609814129,Millstone - Haddam - Beseck 345kV transmission line,287508675,345000;115000,line,0102000020E6100000040000000D7F77F1861D52C0512605E204BB44406540F9D5A81D52C05B75347204BB4440F42B73CF311E52C0A53128A2FEBA4440ADA0A747541E52C06EE23C1AFDBA4440
195,-72.2811024372,41.4314199002,Millstone - Haddam - Beseck 345kV transmission line,43103805,345000,line,0102000020E6100000A1000000BE66FB7E690A52C0497A4A0D62AF44406BE5C3FF6E0A52C0DE7577ED7DAF4440DABEB4061A0A52C09DB955550CB04440488CC2C7D50952C0AA3C463317B1444016AD775B110A52C022DB0BE017B34440CE22C6B08D0A52C0F19DEF6A3DB644407F416A3B850A52C09C8E21CD51B64440B77130EF550A52C03CCAADCBC3B644400CE9D8A35E0A52C0231EC36AF4B644400018305B690A52C0CC03A44330B744401AC61ECE720A52C0421EAB0765B7444094FE28A77C0A52C08730A9079CB74440E5489FA5830A52C04B409415C3B74440D0B477678C0A52C0B91C9CFCF3B74440528EF143980A52C0B6AADCBFFDB74440B34CADBFA70A52C074C1C07D0AB844404E4271C6B70A52C003E9DFE20AB84440CCBF13A1DE0A52C0100C19D40BB844400150AB78F30A52C07ED907560CB84440CCD15E601D0B52C0F3E9275C0DB84440F73ED92F6C0B52C082F2A3470FB8444064EF7FF6890B52C04284EF0010B844400C0681C1C10B52C012FF5101D0B7444088747F2BD80B52C01BB6954AB6B7444067E54A87040C52C00F6B4A6783B74440F60C6DD4100C52C04804EA4A75B74440BB6B7DD02A0C52C0429BC81779B744405307B1E2590C52C0033578FA7FB74440F17D022C7D0C52C0EBF27A2485B74440017A50B99F0C52C037623D328AB744405FD8B386BB0C52C0705106448EB744405FB2DD83DC0C52C0DB46751693B74440324AF1CFFC0C52C03B7B98D097B74440F224531E1F0D52C01AF44DD59CB74440420729B1440D52C00F510A54A2B7444019636198610D52C0156D7D8EA6B74440360D9668850D52C0C25CAFCBABB74440C1683EEFAD0D52C0841724B9B1B744400554DB9ACF0D52C0B03C1BA6B6B74440A1055535020E52C0E8BCCBD1A5B74440DFBAE373240E52C0CE1DA26E9AB7444011D73DFE380E52C0CA39879993B744402A89AD1D510E52C01D0B2E147CB744402B4B1EFD8C0E52C0F962DDAC72B744405D5BA2AFAB0E52C0783EFADA6DB74440ADA37ECEE40E52C063C3364C5AB7444088116F23FD0E52C066DE00F851B74440735A7871180F52C00880549F48B74440742204DD300F52C083D1C14340B74440C2D7B4274E0F52C0FD0378884CB74440E45024E9760F52C05A0CAC9B5DB744407DD1EA20990F52C0ACEC95F06BB74440D858CB3FC20F52C055F2B42A7DB7444041373086E90F52C014E37D9E8DB74440999ABAA50E1052C0971ABE2B9DB744400D6A83AB2D1052C0A347C02AAAB74440D8F2CB3C511052C0B4FF4911B9B7444054E1C3EF6A1052C023C787D4C3B74440760D6060821052C0732D5B21BDB744402343836ABB1052C09A1963D2ACB74440474F1192061152C008C6DE5497B744408E382E3A4D1152C084463C2183B744408143DC1F8A1152C01A62ABB771B7444099D27CCBB41152C0E6D6868465B744403CCA68C5E41152C0478319CC57B74440866F9B41111252C09FDFB6144BB74440021D50173F1252C0D1E04EF93DB744405800C7116E1252C0BC20D48A30B7444053947EAF911252C0889347E526B744402773AA00AA1252C00256EC4F20B7444018B4856DCA1252C03FE0D48717B744406186C3550C1352C0496FBCAE05B7444001E5755D3D1352C0D6E29566F8B64440A37F1DA6641352C0EBC9D9C3EDB64440EEA9B1E37C1352C06B726732E7B6444016AAD6E18E1352C0BFD87053E2B64440CF7E492CB21352C0AAB866C4D8B644406C19D798E61352C088B64392CAB644403D5D757C021452C0A25FCB04C3B644402CA712C42D1452C051EE004CB7B64440E27C3822451452C05F2C89F7B0B644409470C57B611452C0A81CD649A9B644408E6274DE811452C038AE7184A0B64440A16FADE9B81452C05ADF459C91B64440CD53B2F9C91452C04A2EACFD8CB644400E24C8EEEB1452C0457BA2CA83B64440D19F7F641D1552C062B7756576B64440A84EA628281552C0DFF60C7B73B64440FF699E25381552C026A604276FB64440E5524257661552C0EDF363A462B64440107B4B6F841552C045D8C7DE7AB6444086DCC52BA21552C0B05084CE92B64440C88117C2B21552C0A6BC7929A0B64440FB617C0BD11552C0B070CD8BB8B64440ED5B4CE1F21552C0AFD92DC9D3B64440F67A28BC231652C056DFF71CFBB64440F580E3073D1652C0BC3EBE7A0FB74440283D0C2E4A1652C026A370101AB7444080D3BC45611652C09E3CE4A72CB74440F9CFC46F7B1652C03B1414B841B7444069C47CAC9F1652C0BD035BE35EB744403442AFE7BA1652C00E6DC0CF74B7444089FD5BA4D01652C03F3A584F86B74440C6506503EE1652C0508EBCF39DB74440A6B3137A201752C0ED85C192C6B7444001BE01DF371752C0E5FCF667D9B74440A154287B501752C036E5D436EDB744408950449C671752C089A127D5FFB74440D0D66EB5851752C0654249AC0EB84440510D1367A71752C0550C75481FB84440C7A77BD5C91752C0B5FE5E4230B84440F4139663EE1752C0B73E954842B8444040B6CEBE221852C00AEBDE185CB844400B3B89353E1852C04C6D1CA369B8444068647FFD631852C0B13A6A437CB844402ED9BBA58E1852C0B6B3D74A91B84440251E3F09AA1852C0293DF5CB9EB84440F38BD45BF01852C0AF9DD076C1B8444044118019001952C00FC3A058B9B84440616EE198121952C0F366F4CCAFB84440C5D0F9CA221952C05D1019B5ABB84440A9E768EA531952C0D1137E4A9FB84440DEA5D81D651952C0B447AE45C6B844404DADFBDB781952C02A468C03F3B844404C11BB5A881952C0E839061F16B94440C7AFCBBFA51952C01CCE96BA58B94440C1640BC4B21952C04AE7463976B94440CE18BAC0C61952C097F2D582A3B94440306B6192DF1952C0B6F2B3BEDBB944405BD1A6F8F71952C01B45D73AF4B94440BEAC23CA111A52C08AE210220EBA44406DE9E8EB3D1A52C04B0C42693ABA4440F6EC9A5D531A52C045D65EEC4FBA444035304D386C1A52C07DE281DC68BA4440C85A4A8C8C1A52C0CCAE2D4C89BA4440A46F91B89D1A52C0C01E57869ABA44405FEFE8F4C11A52C01A4B5DE1BEBA444094B62771D71A52C0D8834C6ED4BA44404A1A716BE51A52C080FCE074E2BA44409E2732A7081B52C0E61E8BA7F6BA4440106CDE9F221B52C0FFE16F8B05BB44407E14303B591B52C0A643EDD924BB4440F8F06F80771B52C03FBF633336BB4440CD7532279B1B52C03C5D88A44ABB4440F9B2EDCDAC1B52C0C721C0E963BB44404D93962FC11B52C04B68F51681BB44400838F77EDD1B52C0B20D7A9EA9BB44408D724327FA1B52C0354E6B89A7BB4440DA0C7A29111C52C0AE2143DCA5BB4440FCDC5874361C52C09292D526A3BB44401D523A1B571C52C06020ACC6A0BB4440890BA3BC7F1C52C0F41F90D29DBB4440FC1DF6AC8E1C52C0DFE0212E95BB4440DA8D47EB9D1C52C097080ED78CBB44401FD4E13AC41C52C0C63D5C526FBB44404D6C9A85DA1C52C076A3560064BB4440B172F591F81C52C04EBD709F53BB4440F179B22B1B1D52C01A08289441BB4440EC07AF7D251D52C0487750E133BB4440D5D973EF4E1D52C03901990505BB44400D7F77F1861D52C0512605E204BB4440
196,-72.1618557901,41.3424017971,Millstone - Haddam - Beseck 345kV transmission line,43050795,345000,line,0102000020E610000015000000AD4B0C589E0A52C0E749683342A844402088B6F79A0A52C07ABF604456A84440CAE52F088E0A52C02EB54EA495A84440E9C43E8C640A52C0312665B416A94440D06F06B05B0A52C03D558C2814AA44407E6D08F8760A52C093957EAECBAA444035EAD7FF500A52C04053930B1EAB4440DA7A5D2C430A52C00143C16E3CAB4440ADECED474E0A52C0551B8A3C97AB4440598FF2EB640A52C0618D72BF43AC4440FC750D44730A52C06EE8DF3272AC444094EA4308700A52C0849C19ACA8AC4440376B58D46A0A52C09851233D12AD444018DE1D50280A52C020DC7F547EAD444092B83064350A52C0C0FBC8883CAE4440AA0D69403E0A52C05D8A067F69AE44400FEE401C470A52C0D36363EF97AE44407AD407FC4E0A52C0FE5B6F46C8AE4440276C03B8560A52C0026181A8F5AE444035078CE7610A52C07C78C0F82EAF4440BE66FB7E690A52C0497A4A0D62AF4440
197,-72.9480123125,41.6173509244,Frost Bridge - Southington 345kV transmission line,17201812,345000,line,0102000020E61000006B000000752B5B04D94352C0F9DF0C6771CE4440359493017F4352C0595FADDA73CE44404D91E2366E4352C0A57A50656CCE4440F52489CE444352C01C8316E270CE44403E84D075234352C03A1D107E74CE44401273065ECD4252C0C305BED17DCE4440F9E59F51AD4252C0B6F6C74A81CE44403556033D6F4252C0099EF30388CE4440A73710792A4252C0DE3509778FCE4440EC8AADD0F04152C06AEC782FC9CE44406F85BC81DF4152C00CBE7A83DACE4440EF6C99A7B54152C0E97DF86904CF4440CCF25CF6A54152C0732C391F14CF444063018D2E8F4152C05932D1ED2ACF44406AAA515D784152C09F54CCC441CF44404F9B9D8C574152C083BE559E62CF4440F5FA96A0254152C0AA0C889794CF44400524963EF14052C01DE9E407C9CF4440099EFB85C74052C0607D60CBF2CF444035FC91658C4052C0EF59AB2202D044404205C91E5C4052C0224FECA80ED04440329250913A4052C065F6DA5D17D04440B64CE954244052C098DFCA221DD04440FC21C702F23F52C088CE51312AD044404AE3AD65C83F52C051A156FD34D0444000E2BDC3A93F52C0742CD7872FD04440C9322BF77F3F52C08918711328D0444014CAF3A03F3F52C0D1640A9B1CD04440C035A4721F3F52C05A698DDE16D0444032B9AC7BE43E52C0B598285B0CD0444057CD4F4F9D3E52C0F2B537ABFFCF44407A4DA78C893E52C0533ECBF5DECF4440A85007D2723E52C0E36F9E58B9CF4440343A3335553E52C0F606B15488CF4440D65D10BE403E52C02C82CA7466CF4440B6E527882E3E52C0552C9E4F48CF4440B07932F81B3E52C0B52B9C9529CF4440F0C20CCD0A3E52C0D770732A0DCF444087C31F20FA3D52C0441BC490F1CE44408F67A320E73D52C05A57CD84F4CE444049E6C6A3BE3D52C0CAE305D0FACE4440E479650B8D3D52C01D6B9B8602CF44404BF2092A713D52C0A25F6DDC06CF4440F1BF0B23703D52C064718D0507CF4440BA1AB54E6E3D52C0C20ECA4E07CF4440D9AD5D31573D52C04849C1E60ACF44406305D8DD3A3D52C0F7EB084E0FCF4440B3888F60103D52C06B5B3BE915CF44408DD61711F03C52C0C52F5FEF1ACF4440DAE043AACF3C52C026C373F91FCF44400ED8F461AF3C52C0799675FE24CF44403146AE0D933C52C0C5E0496629CF444012F3DB58723C52C061C2307C2ECF44404BBB0E0F5B3C52C0663AE61A32CF444061857DB0283C52C075726AF039CF4440C84F43BC133C52C06723BB323DCF4440D44ED1CEFE3B52C015119E9F41CF4440F8F40B7DC33B52C078F6CB2B4ECF4440C45DEC69AE3B52C043928FA052CF444054F2092D8B3B52C04B0127155ACF44407DD10605773B52C0261F56585ECF4440B9A5296F483B52C0FAA3F33268CF4440BEF89168EC3A52C0E484BEAA7BCF444074CA89ECBE3A52C07DA89C4985CF444081CC2BFC943A52C0B10460288ECF4440783311247A3A52C06C6E2FD593CF4440365D3375453A52C080C6DF2EACCF444022F97D72183A52C04D56DFFBC0CF44400BD53E5DF03952C0122DCC81D3CF444001371C4DB03952C03928E41BF1CF444060776BF1903952C0A1457BF3E9CF44403AB65C9F593952C07A302252DDCF4440ACF18C21393952C07275A322E2CF444031BA42CA1C3952C07371DA54E6CF444045A158E5013952C04B3DFD50EACF44402B72E99DDE3852C0FB1244BEF9CF4440474F9738BE3852C08877BFE807D04440B0EF1203B53852C0DD483D73F3CF4440B2A4932DA13852C0D488AA63C7CF44405CF93DF58F3852C00C730523A1CF44409CCBEDC97F3852C0906B33367DCF4440E2213FDE6D3852C04A85EE6655CF4440D6766C98573852C018FEA4163FCF4440CAC5D1982E3852C0936F250316CF44407AEE115C113852C0EDE9D3B8F8CE4440DA88D718E03752C0B0901F5EC7CE4440C008C101D33752C0364DF340BACE4440AF1E1106B93752C0E9C31E38A0CE444028CDCBC1A43752C00DCC48EA8BCE4440010D2A1F913752C02406183E78CE444079C58013683752C03210361D4FCE4440C54B25493C3752C056A9F93C23CE4440F33D611A3A3752C0A377E280FBCD44409D968C8E373752C00247B220CDCD4440C5C9E4F2343752C07DE1F09C9DCD444000B1129E323752C01213822573CD4440231EFF592F3752C07AA895A937CD44403D2123B72A3752C0ACD90A32E3CC444055C2B4C6273752C0C85784A1ADCC44404E91E787243752C0084D4C8B72CC4440E46E2B67263752C048CC41EB4CCC444036490C0F283752C05B583B982BCC4440325C5DB4243752C0EC3FBA4901CC444031016010203752C0F06219BAC6CB4440605454D13B3752C0E8199E3395CB444017FCA1D3563752C09C93D3F077CB4440E8449BC1613752C0036C612D76CB4440
198,-72.722888886,41.5414243366,Scovill Rock - Southington 345kV transmission line,49810100,345000,line,0102000020E61000009F0000003D16EE637A2452C0EAD0E64B4EC14440DFFE425B932452C0260F23F53CC14440AA9675C1972452C022950B794EC14440FAD4087AAF2452C07BEF4F2246C14440D8C38611DB2452C0227A697D2AC14440D7C4F3C0FE2452C0CE20620F13C14440FFBEFD32342552C0A27E34F914C14440E84D4528672552C00DC0E3CB16C144400AF03EA9962552C014F6F87E18C1444040BF8CECC22552C0648925141AC14440C2FF8672FF2552C0DDBBDC3E1CC14440A9F340FA352652C099953B1724C14440FDA0C363582652C0D5E4A90A29C14440F2AB7EB78E2652C0512E1FDB30C14440F5921286B52652C07CE97F7036C1444002FDA1EEDF2652C0AAF87B8A3CC14440AE43E96C042752C0C67EDC3F4DC14440AC804B5D1E2752C04F6AD72059C14440F461731A412752C0D290C20869C14440D290740D6B2752C0EE62613D7CC14440AD92434A932752C0D38830CB9FC14440CB2C2196B22752C0E692A6E797C14440FE24EC2AEC2752C02650936589C14440911D8308082852C00E21C75F82C1444070ACCF3B2C2852C06C4A364079C14440CF710685422852C06CAA227476C14440A43C07D37D2852C0B88FFA016FC14440B2A45C9C9D2852C07A090E046BC14440D0E7CA5EC02852C0EBA1C3A666C144405ACD0867D72852C06FB36AC263C1444057FD0DF4E42852C0B4FBC80E62C144404021F452152952C0EA75A1F15FC144400C3AA78D332952C05DDC9E9F5EC1444035767B686B2952C053E89E0453C14440CDB170A8992952C0D68ADB6849C14440C50DEDA7AC2952C0870BC47645C14440A7F5FCDFCA2952C0BA9105AC4FC14440F193A720F72952C05DDC9E9F5EC1444085453367142A52C05487968368C144409C05B3FD2C2A52C0D675D2D170C144400AAB50DC3B2A52C09E1CD4D775C1444087926D818B2A52C0C6FDF61170C14440E7DD1F69E72A52C07280783666C1444003B799442B2B52C02804BC745EC1444088152210592B52C0C84F4F3184C1444081E080527D2B52C02C91F410A2C14440B39200D2A52B52C022B16A6FC3C144401E333638CC2B52C0FE2F3D12E3C14440E1E35AB3F32B52C0C259069A03C2444016B8E9241C2C52C072F208C2FCC14440A07C9FC6492C52C0FE28080AF5C14440730A17DA7E2C52C085D1440FECC144403247FE07A62C52C0D7778E6EE5C14440EA0E14EFBC2C52C0C39B966B02C244400E095757C92C52C0B2F4D51F12C24440DF154E96E42C52C06B9FE99B34C24440916AD943EF2C52C0D9C7C4DE59C24440ED2B8272FD2C52C00205045A8BC24440076C152E0C2D52C01C1862C0BEC24440DA1B8FC5472D52C02D29285EE1C24440BB0225E0482D52C09B3264ED05C34440B433DD804A2D52C077D594D53BC34440CCDD3DD94B2D52C0FF50867368C34440FBD848F34D2D52C01BBEB118AEC344403DDF52797C2D52C085DF9A37ADC34440632D0B4A8D2D52C07DD973C4BAC344407E819012A22D52C03877C1FFACC344408A19F8D6C82D52C01298C69AACC34440B6BCB909EE2D52C010EE7FF2C2C34440345F65F70C2E52C07F5FA486D5C34440D533C8E11F2E52C0264CB0E2E0C3444004B3078D632E52C00608388709C44440224416907E2E52C05D531DB001C444403EA16AA1972E52C02E736A69FAC34440675BFE25C82E52C0828C9753ECC344403D204428EA2E52C00805B3FFD8C3444054A90FAC082F52C04ACE79A7C7C344409EB3CE962B2F52C05F2FEDCEB3C3444025295D6C4A2F52C0DE40CD47A2C34440AD233327622F52C0F7C6B5CA94C344400CD0F0D0A52F52C0D40B514FB2C34440A2C90E3AD82F52C0BE29F918D8C344400C75A05AD72F52C0BC60D05E0BC44440930736EAD02F52C0148A692D3FC444407EE6B7FFC92F52C06A0538F070C444403324715BC92F52C0381EDB6C96C4444077DE81EEC62F52C0D736D93DBBC4444096C91378C92F52C03EDF3024E1C4444097E246B3CB2F52C09D0B067402C544409D1DA3BCC02F52C095F944F01BC54440EB96B198B12F52C0816E8B213FC54440AD170A7DA22F52C094607E3F62C54440B6C8DD72A22F52C09F95FF0796C544405790F067A22F52C0684CCCBECBC5444013B6245EA22F52C01BA8A5AAFDC544401B67F853A22F52C01C48541B31C6444008BAAA48A22F52C0E466E7496AC64440AC30DD77E12F52C0C38B65BB81C644401157F3FA013052C035A917CC8DC6444064047664243052C0D80B1A909AC64440D7419A213E3052C0FFC4501DA4C6444056E3781F763052C0E98D2AE3B8C644402D4332B3A13052C064E0EE0EC9C64440013F12ECCA3052C0974AAA59D8C6444092104C3BF13052C056779D90E6C644404A02B9D1F53052C027FD82722EC74440F008A97CF93052C0022283E767C7444020B867D1003152C075B6D0B5DAC74440BA8D63F3143152C0F9622E0C1AC8444027CAE648253152C0BE60A1A751C8444059444506303152C0DCAF084667C8444041794FD94B3152C037E10F3BA2C844401E6EE8FC533152C0DC1BB5BDB5C8444052DF249F903152C02222EE2FD7C844408F33A81BCB3152C0CB55F119D7C84440687F897EE33152C042D35A5BF0C84440548C9D8B083252C07904FCBF02C94440542B92C9203252C0B62B52F113C944405C7913F0343252C0464BE76E41C94440F16160B7453252C0BE75D04E67C9444013EAACDF553252C0805D04C88BC94440875944816D3252C09E4BBB1FC1C9444075696C8B7D3252C09FE87455E5C94440BBD41C5C953252C09F7691161BCA4440C9CA95C1AB3252C036966DA54DCA4440DCF4D586BD3252C091445DC175CA4440BB168784D43252C0CA0A3FA5A9CA444054C6ACA3093352C0A8874808A6CA444062496F47363352C08B156FFEA2CA4440F523854D5A3352C020A6148BA0CA4440B8D6F0D5853352C07516F5949DCA44403B218794AD3352C057AC73B2BDCA4440BFEB230AD23352C0B363A128DBCA4440092D9707EF3352C0C01FC695F2CA4440CD7B43110B3452C031D9733C09CB4440922A2EED273452C09A99F98E20CB4440DA8280AA493452C0F87B7BE927CB44408E51115F673452C0E91219632ECB44404C7E872C973452C0BBE126CE38CB4440029F39CEBB3452C08C0ED5C940CB44406B21E1EEF03452C05C8F735E4CCB4440414F340C183552C0CEBFE5654BCB44407C7FB45B183552C0AEE434644BCB44406E238FC55A3552C0CF6E9FBE49CB444061812B88853552C0588D65AE48CB44405EF5341DA03552C00B2EE00548CB44406D092F5AAE3552C07B7DB2AB47CB4440673B6118CD3552C04FACAFE846CB4440F62A0FD1F13552C087B2E9FF45CB444020C5E7DE1F3652C0BE1ED5DA44CB4440384EC0D0373652C0773E384344CB4440D13253F5623652C0070ABD3043CB4440EEA152067E3652C0E2D6D58442CB44401AEC5DA2A23652C0A806A09C41CB444080846A65BF3652C00FA593E640CB4440E615E27EE23652C00A5D620740CB4440C277FCFB043752C0C60F232C3FCB44400F889D7C2D3752C09ECCA93952CB4440D600683F603752C0ADE971196ACB4440
199,-72.3089806349,41.4441500419,Haddam Neck - Montville 345kV transmission line,17155064,345000,line,0102000020E6100000BF000000A7577561811F52C077B502837BBE44407691CADE7B1F52C046997F3341BE44409937A54C7D1F52C036D2DEB70BBE444095A2853D271F52C0468545AC08BE444006691831DC1E52C0F1EC270506BE44409D5E152EC31E52C08129382205BE444002F1FFDB601E52C0A76989A801BE44407FB6CD0F371E52C089ED4E2E00BE444054F41D56F61D52C00D7CC5E3FDBD4440EA2A5E30C91D52C05D2150EA02BE4440E315D829B31D52C0960FD7BDF3BD4440547A926B991D52C07E1ACB00E2BD44407C3FE2EA651D52C07DF75384BEBD4440DE93239C4C1D52C05CFAF113ADBD4440E94718FD301D52C0C9AF5B0B9ABD4440CCCD02960D1D52C0E36D4CA681BD4440E35E30B30C1D52C0CE9AF2B658BD44408596E56C0B1D52C0C1567DE71DBD4440DB420895031D52C0E6FD93D8EDBC4440BC1E8859FC1C52C0DBFD6486C1BC44407C9FD3CFF31C52C0191C5D368DBC4440DC3C4D49EA1C52C053D263D652BC44402065B993E21C52C041D2599823BC4440CAC479B1D91C52C0B7094C25EDBB4440B361315ED01C52C0238B6A00B4BB4440E88EC938C31C52C03A562E4081BB4440196224F19E1C52C0C892640095BB4440BA6E08DE921C52C01CB426939BBB444008983CDA801C52C0861EDB62A5BB4440C711390B4F1C52C0F86FD0F2A8BB44402B18E7E9361C52C0A52AD4ABAABB444069796D6E111C52C0FDD8E959ADBB4440D8046B62FA1B52C012D429FFAEBB44402D80E795DB1B52C09432B632B1BB4440341D29BF981B52C09FE37AA850BB4440F9D990C0721B52C06E9A6E8C3ABB44402FFC1FB3561B52C0B9ED91392ABB444077DE67322A1B52C09FCACB5310BB4440837936C6051B52C0C51DF021FBBA4440F2D962EDE31A52C089FE0A70E7BA444055AC6348C31A52C0D4CF1408C7BA4440F6F997809C1A52C05197B888A0BA4440834783628E1A52C04D116B8592BA444018470F2A671A52C0FDC1FD956BBA44405543FCD1511A52C018BAF86556BA4440C08ADBE13A1A52C0A309D39F3FBA4440F92C8B670E1A52C04AF46A7913BA444037795F5DF51952C057CDCA9CFAB94440F154BA23DC1952C0C3B53691E1B9444031BC15D0C21952C068E9F031A8B944405241AE3BAB1952C0C12EE2C572B94440A85CF90A851952C045CBC0401CB944406F911298741952C018232CFBF6B84440A5EED649611952C01937583ECBB844409DA9246C511952C0F752E54BA7B84440EB613C86231952C0CC78FE40B3B844402FD84811141952C0BC94E647B7B8444039CEFA6C011952C0AA9D1BB1C0B84440B9AD8267F01852C064F74C49C9B84440F437CCA1A81852C00E59C2E5A5B8444046F3BEC28E1852C068C7052399B84440355CFDA3621852C0FD05E56283B844406E5756523D1852C09C53A9FB70B8444011E20657231852C010CED92B64B84440DF6DD093EE1752C0CD340D274AB844400228E372C61752C0CC967D5D36B844406775A956A61752C07E8A378826B844401BF9F32B871752C063FF8B2917B84440D714DFBB651752C097386EAC06B844408A4FD7EC431752C05294B575EBB744401AC8AD77331752C09EA98737DEB744409A35590E191752C06EB775F5C8B744404F25C5FBE91652C01657DD11A3B744408A969596CF1652C06BCC77D28DB74440620B548BB81652C0017888467BB7444031AF83139F1652C0342C8FC666B744405AE16EC8781652C087B493F347B74440CE8E881C5B1652C0F66C5B1130B74440DA1D81D8401652C0EA2FC9EC1AB74440C7568674211652C0CC272FA801B744404E0B715AEB1552C051A1001BD6B6444094489CA1D01552C08D58D897C0B6444044F86A57B01552C0DF07359AA6B644404817D3FA811552C0C51D324881B644400E682652651552C05642E7356AB6444030E06EC83A1552C0F82340C775B64440A9A75CBF281552C03C1A30AE7AB64440034F4B271E1552C01CD78D8F7DB6444079DA7CD3EC1452C0CB2DACF88AB64440EA3321BFCA1452C01CE2373D94B6444000B8F178BD1452C045F577D897B644406F19EB8F821452C07068D5DCA7B64440FF348AD7621452C03251ED7CB0B644405978B9C0481452C02B03E494B7B644404AE037202F1452C09279A48CBEB64440C07F4E6B0A1452C0F21CA187C8B64440F0309A31E61352C0EFCA4461D2B64440AFCCA554B41352C03C6B8AEFDFB6444006C1A003921352C05DCECF43E9B644404ECBB2C07E1352C023A88F80EEB6444064CBFB16661352C0B0D49835F5B64440C3108CE9421352C0A17F4CC6FEB6444060EFD070111352C07C4FD0380CB744404FD9D58ACF1252C0C68AF9231EB74440D2C69446AB1252C026CAC5FF27B7444056FE7296701252C07C530AF437B744405CB0060E5E1252C03EB84C3E3DB7444032B19423401252C03990A3C745B744407308994B221252C03875E24B4EB74440BED84FA7E61152C04CBFF5505FB74440EA817F38B21152C06AE2E2466EB74440D2742C51881152C0BCBFDE3B7AB7444060C6F81F4C1152C0E7B3F7688BB74440E0353128061152C0C731915F9FB74440CEEB952CB51052C0B49B2B7BB6B74440A8EC4A8C831052C078AFFEA4C4B7444079F0B8E66A1052C07386E7ACCBB744407C0C1AFB4A1052C08311C74CBEB744404C1EA53A2C1052C00DAE7B69B1B74440FEAFFF860D1052C0A314628CA4B74440922F8597E90F52C04249B27D95B744405DEB5361C20F52C06A60720E85B744407135AFDD990F52C06F80BF1474B7444094CAB8A9790F52C04ACFF89566B744402B4C9235530F52C011F88C7856B744400C40CB17310F52C0A4C2A32C48B74440C0E51771180F52C02EEBA0A150B744407B230585FD0E52C0C9B27ADD59B74440696974F2E30E52C07DF25EA462B74440C4AB29BEAC0E52C0856ECB9375B74440A55857098C0E52C0D765DE9F7AB74440310186F3520E52C0479CA26E83B744402000EAC93A0E52C064B869309BB7444097187222190E52C05FCA8640A6B7444056D36BCC020E52C085AA1E98ADB74440F2D6ACF8CF0D52C069F2784EBEB744407A46D3549F0D52C0DAE04D2AB7B744404B7A6D86800D52C04ECDDAA5B2B74440EEDB93CB5F0D52C0F78CF5D7ADB74440FB7F31A83F0D52C0A3101820A9B744400569930E1A0D52C0E3F1259BA3B74440C4F8BBEBF80C52C077218EBE9EB744406C8714E7D90C52C0D2399E319AB7444016611302BB0C52C0E315A2A895B74440A0FF98459D0C52C039C3254B91B7444049B7886E7E0C52C090E56AC48CB74440A5C85E4F590C52C0761C885187B744406130A3122C0C52C03FAB20AE80B744407D81818C120C52C0A4BB62EF7CB744405B39AB51070C52C02E9F56B989B74440058F2209DD0B52C0EC6DE2E2B9B7444092117BF0C40B52C0D5391655D5B74440B011056D8B0B52C09A37F0D516B844401F723194690B52C08470B35516B844407CDE0419490B52C06D3C8CDA15B84440D3599B281D0B52C045A5543315B84440B49B744BF30A52C0EBB9059414B84440BA15DA92C90A52C0EFA768F613B8444058F1178BA60A52C02340167113B8444002FD6FAE920A52C0F106719D03B844404E1B81E67E0A52C0088495D9F3B7444010EA6C9D6E0A52C0DA74C6DFE6B74440E0198622410A52C0BDB2A2A0C2B7444015A19415220A52C024F46FE2A9B7444043A94F65FA0952C091C1ED408AB744401AC557C3E20952C0A9FD1A6C77B74440DE53DAFAC60952C030CCD5897AB744402C89E4CEAA0952C09CEADCB27DB74440161705798A0952C03DBA185381B74440706A98546E0952C0E4ECFD7A84B7444070C95C09520952C0BF39D7A687B74440B8F630CC320952C0D0461E6386B7444038D0FD7A080952C00E1D94AB84B74440293DCA76E40852C0AD97233683B74440E835006FC80852C0E637D23374B744403260DA10B10852C0FD9753AF67B744402DA2D001910852C01700498356B7444044825EE1750852C0EB370DFC47B7444089044EB2550852C0CACAFEBE36B74440E2DC2873320852C0C9341EDE23B74440C3AADE24FB0752C0D64DCF3E06B74440C9D4698CCE0752C068AD665CEEB6444046ACD551AD0752C081B6A58FDCB6444057981F2D950752C0F859F025DDB6444075B00FF5760752C0615085E1DDB64440521B59FB600752C00889406ADEB64440CA53A9383B0752C0338FC874CCB6444080C9E3961B0752C0B305A969BDB6444068039C46F00652C0F5402DB5C1B6444028C52A9AD30652C0C6BC2453D2B644404A83BE25BA0652C0F7B14129E9B64440
200,-72.8503338997,41.8842034891,North Bloomfield - Northeast Simsbury - Canton 115kV transmission line,101892509,345000,line,0102000020E6100000650000003B54D27E493B52C00D268BDB4FEB4440E2CFB28A413B52C0221BAAC645EB4440002826AE213B52C01054FAD554EB4440F860337A0A3B52C06C83608A6CEB44404DC075E3F73A52C0C4F5B90C80EB4440BA927100E63A52C00515EC8492EB44401B958456CC3A52C0C393088FADEB44403C3109F0B23A52C0FD13266CC7EB444006B1D50A9C3A52C06208101FE3EB444010E37CA77F3A52C06FFD33E305EC44402B29385D643A52C0ED9F603627EC4440820F1627483A52C02BE7DCFF48EC44400755CBF7363A52C05FFFFDAC70EC4440C258503CFA3952C0CDE5D5CAF4EC444017B892A5E73952C0F68198721DED4440A7C995B4DC3952C08B851F953AED4440F239BB6BD63952C0482DBCC948ED4440BCCB2518C83952C080544BF367ED44401908CDC5AD3952C01C3CA12681ED4440526371B4823952C025CFD553AAED444026E4F812683952C0D482811EC4ED4440CB1BC8A8593952C0F1B1864EF0ED4440AFB925FB4A3952C013F786BC1DEE444018EF4C9D383952C057AE25F156EE44405C7E8C632B3952C02734D2B87FEE4440F467B3881C3952C02D7B68D2ACEE4440C658C3CF0D3952C03B7EB407DBEE4440B53BEDDB013952C0DE2B367DFFEE4440D4E03350F33852C018AF8F591CEF44409AB50E0BE23852C0CCBE36E43FEF44409944E5BACC3852C071FAD77F6AEF4440600722E4B23852C084E3E1B49FEF4440FFE82796A23852C0EBA0262BC0EF4440BB48172E8E3852C045FE4429E8EF444071547781823852C0904CDE6717F044400D24C5C5763852C0DA79692645F0444098DFFEF0693852C073E8719A77F04440CFF7FE185C3852C0D2F62F07A8F04440BB4DB89C4D3852C04566DB8AE1F044403365D345083852C0DCE89E2DC6F04440A8BFBE3D833752C04F3AB4460BF144409EC658256E3752C0FED12D2239F144409A1BC705373752C01162B07F60F14440E9A6C645FA3652C093565F428CF14440625ACF9DDB3652C0AAD2598BE7F14440F4A62148CC3652C0041F097F14F2444012EE6389C73652C05257EE2D4FF244408F6D93D5C23652C05634AA2083F24440016DC1A8B23652C059D231E185F2444016A03D65853652C0F63FBA0973F2444084609BF06A3652C0F006A21769F2444076AE79652B3652C07F76C14651F24440AB5E2CF4053652C0275E9E8943F24440BECCC393EE3552C0DC04C83044F24440AD04161CDB3552C03D6D29FA44F24440D5678DE9D83552C041003CAB66F24440483B2A6ED03552C0126488EC94F24440FA6B79F8C93552C02C43B934B7F244408D7D96E3B13552C06992936BE7F244400094BD52993552C07594E7CF18F34440EA0E80E9823552C00F54033646F3444055948ED96C3552C0B19DE7E372F34440FD06AD0A5A3552C0EFEEB24A99F344407959C47C463552C022D1AAE2BFF34440A4117EA22F3552C008AC9608B8F344407A9BE1B7123552C05C395032ACF344407E19BB3DFE3452C02CED41738DF34440CAD54696E53452C0957E2C636AF34440C3173019CC3452C09FFB9A7E45F34440F70BDA41BA3452C0EFA9C3312BF34440580EED97A03452C0798E7FE51EF34440313A6656803452C08C0AFC9F0DF344404020DB095C3452C0B67190B8FAF2444020E62E22443452C0118D98980BF34440515B9215233452C0D9072E1C25F344406D1F0D75003452C0998DDB8E3EF34440AAD93C22E23352C066D2943654F34440A2433647B23352C0290DD72976F34440CAE937FF9F3352C08D3F4E8DA7F34440C11969148B3352C004C84DE6E1F3444036E443BE773352C0525D6ACC17F444406093212D633352C07BD58EC227F44440D6543AFC443352C0609E103840F44440CE22F39F243352C00B146B8B47F44440D570C798023352C050DABFAB50F44440F7679CA8B73252C0B7B480C864F4444068E58925A03252C00C2B42046AF4444043C5B61E853252C0D8F1890D6FF44440D06590DD643252C070FEDC3360F44440B39BA0963E3252C081A07F084AF4444065FDDB791F3252C01A31C6F039F44440FC3B2B1B093252C00CB600732DF444404F80F33BF03152C037C730311FF44440CBB79065D63152C0026503E1FEF344404A1C6045BE3152C02C1E8FE1E2F344401FCAFF7DB23152C071FE17B0C6F34440B73CFCA2A43152C07B6AFABCA7F34440B39090258D3152C03E98CC8767F34440611407834B3152C03836791A31F3444078BDEDBD2F3152C0356B112A1CF3444069037707093152C01172C7E3F5F24440
201,-72.7631742167,41.8941889819,North Bloomfield - Northeast Simsbury - Canton 115kV transmission line,112324382,345000,line,0102000020E61000000800000069037707093152C01172C7E3F5F24440DDAB42BFF53052C07CD3CB68DDF24440E53E95DDFD3052C03489422195F24440082172FAEE3052C0795406476DF24440029E903CDE3052C0868A26DF3FF24440033F1F5AC43052C0E300F10C41F244403175B205993052C0822C5EF93DF244400FA2CC2B823052C0E6C86AE322F24440
202,-72.7620417829,41.4318635927,East Shore - Scovill Rock 345kV transmission line,49810093,345000,line,0102000020E61000000301000009FE07187B2452C07F6403E254C1444071A8BFDA992452C0B1B7423C43C14440DE6BD122A72452C0ABC907D823C14440F7A6B601FD2452C0BA5978CD0AC144401F8AD445342552C08CEC01AC0CC14440983535A0642552C0CD48994D0EC14440788391C8662552C0319838600EC144409666B44A8F2552C01CACA8BE0FC14440ECABB024C32552C05CEBB87E11C14440DE5DA873FF2552C044E0948713C14440F018B323362652C08667ADA31BC1444065BAA3CD582652C053CCA4C720C14440AA4442258C2652C0DD05C26428C14440192BDD7CB62652C064ABE5AB2EC1444048523381E02652C01BF39DE634C14440EF00E7B2002752C0C82526B643C14440580BEAB5192752C0B45E57384FC144405368FAAE3C2752C07A701D4F5FC144401153B381632752C0A5B3FA2A71C14440C3BB23CE7A2752C008E587E27BC1444040573A12A02752C050E081078DC1444041EA5878C22752C0EB71CD4284C144408864ADB9EA2752C02B1781FF79C1444075066D9E062852C026481FE372C144405F9133E72A2852C01F72F0A369C1444017292A65412852C057DF4CED66C144407591D6987E2852C099DD2F8D5FC1444001ABC1249E2852C0326C38BF5BC14440976A24ECE42852C014C8D73653C14440CE2B62B8102952C092C9AA1352C14440A934C69E322952C056F6133351C144408161593A6C2952C08B19209A44C144400C8C1568AD2952C0A676ED5936C144400034DE2CBB2952C006A5BEDE3AC1444061476F52F92952C02FA47F424FC144401F15743D0F2A52C0DA57A97256C1444070F50F312A2A52C09DC5994A5FC1444055CDD5523D2A52C03D50229165C14440D2F3FB356E2A52C04DEEA24367C14440C8583A108C2A52C01FECD21A60C144404AB1EDB3AD2A52C0499114CE5CC1444099D032A5E62A52C03B3AD00457C144405835D7A22D2B52C0D9DA33834EC14440B41E3DA15B2B52C09CE3978C74C14440B26F8430822B52C0AD570B7094C1444074575050AA2B52C0510D999EB5C1444085237F74CC2B52C079E9D1DAD1C144402B14F0A0F52B52C0084D71E7F3C14440761BB56A202C52C014EC759DECC144404B9006B14C2C52C023C80412E5C144404621B7BF7E2C52C024B1798BDCC144402B38334DA92C52C0C928A14BD5C1444080FCAE52C32C52C0A06BE94DF6C1444028A93553D22C52C0C1AA105509C244406E64C003ED2C52C05675EF302BC24440F0868C84FB2C52C0C80780525EC244403BA4C35E072D52C08801A01C88C2444043174E98132D52C0BC073D36B3C24440E4E92311522D52C0704380DED7C24440F726CF57532D52C00F40A87405C34440F05787F8542D52C0829EC4CE3FC344400A1D6F07562D52C0DF1BC5B165C34440275D1C9F572D52C0E7D590AE9EC3444085F6B42B7C2D52C0695F88379EC344407B9628C5A22D52C06D089AB89DC34440DB8336BACB2D52C0A21277339DC3444019B9BE41F12D52C0AE687115B4C3444043488E67102E52C0B7DB8B12C7C34440A02B391A252E52C0BC09DBB1D3C344404A68D7F1642E52C03645719EFAC34440A0F5AB527E2E52C0C2232C2BF3C34440C7958510962E52C01D8ADF32ECC34440C13D224DC62E52C04BED4709DEC34440168625B6EB2E52C09EF6057BC8C3444044B08249072F52C0034B3898B8C3444012626F76242F52C0C66E03C9A7C34440C02937C9622F52C020AEC9DF83C34440033843A8AE2F52C0FB5E4831ACC344407A7835FEE22F52C0A87CF601CAC344409274C4B1E42F52C04DB0BF9392C34440AB595AC9EE2F52C03B6349B745C34440C652EF5BF82F52C07030903DF2C244400E87F8870F3052C00121506398C244402A19C70C183052C01EC790AF65C24440DFB1709E223052C029BF80672AC2444021C3D6DE293052C0AC0EC14300C244409937D6F8293052C03278FE14BFC14440DD11A2022A3052C0E475607A61C144402DE15FE6293052C0CFE8DAC52EC1444073CDD6EF2B3052C0C3FBE348FCC04440FD403894393052C01D712E5BB8C04440C90AD170423052C003F6333A8CC04440534CCC9E4B3052C0A82F37835EC04440DEBBAC964A3052C0532F480C40C04440FB0BBE204A3052C055ECC47732C0444040F6ED1C483052C034898BF1F6BF4440E4FA96BA473052C09C96279DEBBF44401923E1F8443052C0734C48319ABF44407091C7D2423052C0FE151BC05ABF444090436BAA403052C07454880D1BBF4440963D84D6493052C01A6EB79EEEBE44400CD0EAEB4E3052C07B6A86D2C1BE44405E006E2D663052C02EC75189B3BE4440914FFB1D663052C0F17C81877FBE4440DBEEC520433052C004A0A3345DBE44405041A9DA493052C08F4613C52DBE4440F405C2AE513052C067E2E98BF6BD4440094073D45A3052C0316AB905B6BD4440BD663394623052C0D875085A7FBD444083C1CF51673052C09C8B0FE95DBD4440C50FA5F0813052C0C46CE3C133BD4440B84905909B3052C0DF5B70300BBD44406AFBC780B53052C04259DD86EABC4440E0430F02D13052C0922F89E5C7BC4440A73618C2ED3052C01EEE0EB2A3BC4440D2FD68EAED3052C03CFAC68678BC444013941610EE3052C00EE65EC84FBC444022FD4537EE3052C0C40D32E025BC444051CFC691E93052C0EF8A6CD9EDBB44400D7C897AE63052C0DB313698C8BB4440EA2C1E96E13052C0A65715A08DBB4440D72FF6AADE3052C00358A4746ABB44402107E26FD93052C0653CEA602BBB44402D249119F93052C0B0835D8EFBBA4440BD9345891A3152C08F80F20DC9BA4440591F3CF3373152C042C1FB9F9CBA4440E6048769483152C06995A3C283BA4440CB77C01C653152C0088A0A6958BA444096FA40F4753152C0580316F83EBA4440CF7787268E3152C0F7895D6B1ABA4440E9C23038A53152C079051293F7B944400F8CA123BD3152C00E2D5971D3B944408B0128C9D33152C0B391FC3BB1B944408401F410EE3152C07C8CA38889B94440C696E1B4003252C0ED802C414FB944403C2DC976143252C0790AD47C11B94440C80B8CB1243252C0A0311EBEDEB8444070984ACD373252C0F449AC9EB9B84440DC04E01D4F3252C053B9D6538CB8444007A961D2613252C0075721FD67B84440117DBED77E3252C055E05A1158B844406723C6739A3252C0637844EB48B844408EA76567BE3252C07D06163235B84440EC0C5EDED33252C0E12B216B29B84440F4855DFF283352C021780D8DAAB744407E0B5D353F3352C0DC596DF688B74440225DCCB5563352C065B2DD3465B744409332966B5F3352C01CB191A958B74440DF65F9F17B3352C01F68168E29B74440B76C095DA03352C0BE08FC6308B7444046A3C2ACC33352C0D7AFA03CE6B6444041876198E33352C06BD3A776BDB644409E139DC1FB3352C066785AA38AB644401AF0F6E20C3452C08456BCC050B64440693A60731A3452C0AE3D2D414CB644400C4F5327253452C04E5393301EB644408C46416D2F3452C00A10A056ECB544407B88DC5B3D3452C045B67BF3C1B544406806601D483452C0BF227517ACB54440386638CB573452C09C8AEF0A89B54440E6E1F9BC6B3452C0CC876BDC5CB54440989A51577F3452C0D977D13932B544409C749530933452C0B06C892607B54440195082A2803452C01294312ADBB444400090F59D6E3452C02528B673B0B444401D58FE17543452C03F3DE69371B4444010C40A92423452C06E1BDB0748B44440E2040227303452C07F79265E1CB44440BDAEF42A383452C02FDD84BDE8B34440B386E9C63F3452C0DDBB7BBBB7B34440B94707D34A3452C06817059170B34440DA941E3C523452C0F19E40D740B34440C2F5D339593452C04B5192CC13B34440B5DBCBDE673452C03BD1FE77B5B2444071F6E97E5F3452C0E1027BE179B2444056FF9BF9593452C0ACD0749B52B24440DC1F48B7503452C00AA82BBA10B2444091E248F8483452C0B1376F9CD9B144408DFE68E6493452C03F7634E5A7B14440BF4DF6D6493452C088F4B11B72B144403D2823C7493452C05AA599B238B144403F4A32B9493452C0DC15C9D507B144407299BFA9493452C0D74E5E86D1B0444071E7527C483452C0555295529DB0444021525DA82D3452C0FA5653EB6EB0444002885385143452C080E22A7243B04440FD4CF77B1F3452C016CC5F3F09B044405E2934CF263452C0A6859F5BE2AF4440DC35BAC7313452C06D20681DA8AF4440537CD4173C3452C0F459B95B71AF44401B09D74B453452C02F70107F40AF4440F195EE1D503452C0A8384F0B07AF4440E6AD59A75C3452C00893CF7AC4AE4440A5EE14545C3452C011201C869FAE444014377BEF5B3452C0BC22128B72AE44409DDD028C5B3452C0C69D441546AE4440784538955A3452C0361979F2D7AD4440CA06E6015A3452C06D3C0F3796AD4440A7C7D1A1593452C014C3DC4E6BAD4440BA440044593452C0063ED47441AD4440F95860A5583452C09AFA71B2FAAC44407174A928583452C06D2DE611C3AC44406993B6C9573452C0E4FBA99498AC4440D5B90D73573452C062A9C21372AC44409DA414DA563452C0DBD9BFC02DAC4440F19BB6D7623452C0A5558EB905AC44402FF2D3336B3452C02F12C0D0E9AB444050715113773452C0AE97EF2DC2AB44402BF326079C3452C05F6CF60570AB44405A0D2D16B33452C0FC6F5CC13CAB44400374756FAA3452C098CDDB3E21AB4440AD54FCC58B3452C0FE9340C5BFAA4440763DC98D803452C0C334D5199CAA444006A40187673452C0398A69884CAA4440B65751E9553452C004DBEA8514AA4440086251FA573452C040617806F1A9444030053FB55A3452C06AC1281DC2A944402FAECF2B5E3452C0722F299C86A94440E2026847623452C0737C350140A94440F8B350DB633452C04D3498E424A94440E6FC7305723452C040FE42CC01A944405D5826087D3452C075C9592FE7A84440FF64C490A03452C05DCD2AC69FA84440AC254A0CAF3452C06D3031DB82A844404F32E894D23452C0A30003CA3BA84440ABB0F96AF73452C019BA7EFBF1A744402ABCBFE1143552C0BE87AC23B8A744406664F1BC2A3552C0D398DF448CA744406AA0BA75433552C02975C45E5AA744407C3D97204C3552C0A6E5261020A74440988FE249563552C06CF64DDBDBA64440228AD2E0603552C0E8FC7EE292A644401AEB9C7C693552C071109D8157A6444066618AED753552C04DAD6FC502A64440E1C22BF47F3552C072DB80F1B6A5444051776D439F3552C0FD9D7FC899A5444070FFACFDB53552C0D88E8A2083A54440217874CED13552C037C3AA7667A544405D64AAB1F43552C0239A7BF144A54440089077E7123652C00D30E80127A54440CAEE6D073A3652C02046E30E00A54440118ECB5B5A3652C02BD6556DE0A44440E3AEA739823652C08AAE6580B6A44440368E83ABAF3652C020D3AD9ED6A44440546ACB1F0E3752C00DEA817E17A54440C5BC94FD213752C027B1B88613A54440312E18AA6B3752C0015FF0C302A54440F78A9B34B13752C0CFA127D7F2A444406C470627DA3752C031AC077CE9A44440A34132A50A3852C0F7141504DFA44440280300D22A3852C03AC1CB9AF7A44440B944DCE54F3852C04D6E689114A544401E5894557A3852C07F71836435A544406E73589AA43852C01234CE2456A544405ECB12C7C93852C040D47DA272A5444038CC14140B3952C07842F07C7BA544400C8CFF0B3E3952C07B2A1E0789A54440990A84744D3952C01DA6099E4EA544404AF2201A813952C093BB3C361CA54440
203,-72.9001798873,41.2890423523,None,175773229,345000,line,0102000020E6100000030000004AF2201A813952C093BB3C361CA54440E3275B0E963952C042AA864606A5444050B839F0B73952C0B9DBF359E2A44440
204,-72.9029010926,41.2881238455,None,175773234,345000,line,0102000020E6100000030000008A29AA4ADA3952C0DA271216E1A4444028FD85A9D63952C0DC239144E0A4444050B839F0B73952C0B9DBF359E2A44440
205,-72.7620417829,41.4318635927,East Shore - Scovill Rock 345kV transmission line,49810093,345000,line,0102000020E61000000301000009FE07187B2452C07F6403E254C1444071A8BFDA992452C0B1B7423C43C14440DE6BD122A72452C0ABC907D823C14440F7A6B601FD2452C0BA5978CD0AC144401F8AD445342552C08CEC01AC0CC14440983535A0642552C0CD48994D0EC14440788391C8662552C0319838600EC144409666B44A8F2552C01CACA8BE0FC14440ECABB024C32552C05CEBB87E11C14440DE5DA873FF2552C044E0948713C14440F018B323362652C08667ADA31BC1444065BAA3CD582652C053CCA4C720C14440AA4442258C2652C0DD05C26428C14440192BDD7CB62652C064ABE5AB2EC1444048523381E02652C01BF39DE634C14440EF00E7B2002752C0C82526B643C14440580BEAB5192752C0B45E57384FC144405368FAAE3C2752C07A701D4F5FC144401153B381632752C0A5B3FA2A71C14440C3BB23CE7A2752C008E587E27BC1444040573A12A02752C050E081078DC1444041EA5878C22752C0EB71CD4284C144408864ADB9EA2752C02B1781FF79C1444075066D9E062852C026481FE372C144405F9133E72A2852C01F72F0A369C1444017292A65412852C057DF4CED66C144407591D6987E2852C099DD2F8D5FC1444001ABC1249E2852C0326C38BF5BC14440976A24ECE42852C014C8D73653C14440CE2B62B8102952C092C9AA1352C14440A934C69E322952C056F6133351C144408161593A6C2952C08B19209A44C144400C8C1568AD2952C0A676ED5936C144400034DE2CBB2952C006A5BEDE3AC1444061476F52F92952C02FA47F424FC144401F15743D0F2A52C0DA57A97256C1444070F50F312A2A52C09DC5994A5FC1444055CDD5523D2A52C03D50229165C14440D2F3FB356E2A52C04DEEA24367C14440C8583A108C2A52C01FECD21A60C144404AB1EDB3AD2A52C0499114CE5CC1444099D032A5E62A52C03B3AD00457C144405835D7A22D2B52C0D9DA33834EC14440B41E3DA15B2B52C09CE3978C74C14440B26F8430822B52C0AD570B7094C1444074575050AA2B52C0510D999EB5C1444085237F74CC2B52C079E9D1DAD1C144402B14F0A0F52B52C0084D71E7F3C14440761BB56A202C52C014EC759DECC144404B9006B14C2C52C023C80412E5C144404621B7BF7E2C52C024B1798BDCC144402B38334DA92C52C0C928A14BD5C1444080FCAE52C32C52C0A06BE94DF6C1444028A93553D22C52C0C1AA105509C244406E64C003ED2C52C05675EF302BC24440F0868C84FB2C52C0C80780525EC244403BA4C35E072D52C08801A01C88C2444043174E98132D52C0BC073D36B3C24440E4E92311522D52C0704380DED7C24440F726CF57532D52C00F40A87405C34440F05787F8542D52C0829EC4CE3FC344400A1D6F07562D52C0DF1BC5B165C34440275D1C9F572D52C0E7D590AE9EC3444085F6B42B7C2D52C0695F88379EC344407B9628C5A22D52C06D089AB89DC34440DB8336BACB2D52C0A21277339DC3444019B9BE41F12D52C0AE687115B4C3444043488E67102E52C0B7DB8B12C7C34440A02B391A252E52C0BC09DBB1D3C344404A68D7F1642E52C03645719EFAC34440A0F5AB527E2E52C0C2232C2BF3C34440C7958510962E52C01D8ADF32ECC34440C13D224DC62E52C04BED4709DEC34440168625B6EB2E52C09EF6057BC8C3444044B08249072F52C0034B3898B8C3444012626F76242F52C0C66E03C9A7C34440C02937C9622F52C020AEC9DF83C34440033843A8AE2F52C0FB5E4831ACC344407A7835FEE22F52C0A87CF601CAC344409274C4B1E42F52C04DB0BF9392C34440AB595AC9EE2F52C03B6349B745C34440C652EF5BF82F52C07030903DF2C244400E87F8870F3052C00121506398C244402A19C70C183052C01EC790AF65C24440DFB1709E223052C029BF80672AC2444021C3D6DE293052C0AC0EC14300C244409937D6F8293052C03278FE14BFC14440DD11A2022A3052C0E475607A61C144402DE15FE6293052C0CFE8DAC52EC1444073CDD6EF2B3052C0C3FBE348FCC04440FD403894393052C01D712E5BB8C04440C90AD170423052C003F6333A8CC04440534CCC9E4B3052C0A82F37835EC04440DEBBAC964A3052C0532F480C40C04440FB0BBE204A3052C055ECC47732C0444040F6ED1C483052C034898BF1F6BF4440E4FA96BA473052C09C96279DEBBF44401923E1F8443052C0734C48319ABF44407091C7D2423052C0FE151BC05ABF444090436BAA403052C07454880D1BBF4440963D84D6493052C01A6EB79EEEBE44400CD0EAEB4E3052C07B6A86D2C1BE44405E006E2D663052C02EC75189B3BE4440914FFB1D663052C0F17C81877FBE4440DBEEC520433052C004A0A3345DBE44405041A9DA493052C08F4613C52DBE4440F405C2AE513052C067E2E98BF6BD4440094073D45A3052C0316AB905B6BD4440BD663394623052C0D875085A7FBD444083C1CF51673052C09C8B0FE95DBD4440C50FA5F0813052C0C46CE3C133BD4440B84905909B3052C0DF5B70300BBD44406AFBC780B53052C04259DD86EABC4440E0430F02D13052C0922F89E5C7BC4440A73618C2ED3052C01EEE0EB2A3BC4440D2FD68EAED3052C03CFAC68678BC444013941610EE3052C00EE65EC84FBC444022FD4537EE3052C0C40D32E025BC444051CFC691E93052C0EF8A6CD9EDBB44400D7C897AE63052C0DB313698C8BB4440EA2C1E96E13052C0A65715A08DBB4440D72FF6AADE3052C00358A4746ABB44402107E26FD93052C0653CEA602BBB44402D249119F93052C0B0835D8EFBBA4440BD9345891A3152C08F80F20DC9BA4440591F3CF3373152C042C1FB9F9CBA4440E6048769483152C06995A3C283BA4440CB77C01C653152C0088A0A6958BA444096FA40F4753152C0580316F83EBA4440CF7787268E3152C0F7895D6B1ABA4440E9C23038A53152C079051293F7B944400F8CA123BD3152C00E2D5971D3B944408B0128C9D33152C0B391FC3BB1B944408401F410EE3152C07C8CA38889B94440C696E1B4003252C0ED802C414FB944403C2DC976143252C0790AD47C11B94440C80B8CB1243252C0A0311EBEDEB8444070984ACD373252C0F449AC9EB9B84440DC04E01D4F3252C053B9D6538CB8444007A961D2613252C0075721FD67B84440117DBED77E3252C055E05A1158B844406723C6739A3252C0637844EB48B844408EA76567BE3252C07D06163235B84440EC0C5EDED33252C0E12B216B29B84440F4855DFF283352C021780D8DAAB744407E0B5D353F3352C0DC596DF688B74440225DCCB5563352C065B2DD3465B744409332966B5F3352C01CB191A958B74440DF65F9F17B3352C01F68168E29B74440B76C095DA03352C0BE08FC6308B7444046A3C2ACC33352C0D7AFA03CE6B6444041876198E33352C06BD3A776BDB644409E139DC1FB3352C066785AA38AB644401AF0F6E20C3452C08456BCC050B64440693A60731A3452C0AE3D2D414CB644400C4F5327253452C04E5393301EB644408C46416D2F3452C00A10A056ECB544407B88DC5B3D3452C045B67BF3C1B544406806601D483452C0BF227517ACB54440386638CB573452C09C8AEF0A89B54440E6E1F9BC6B3452C0CC876BDC5CB54440989A51577F3452C0D977D13932B544409C749530933452C0B06C892607B54440195082A2803452C01294312ADBB444400090F59D6E3452C02528B673B0B444401D58FE17543452C03F3DE69371B4444010C40A92423452C06E1BDB0748B44440E2040227303452C07F79265E1CB44440BDAEF42A383452C02FDD84BDE8B34440B386E9C63F3452C0DDBB7BBBB7B34440B94707D34A3452C06817059170B34440DA941E3C523452C0F19E40D740B34440C2F5D339593452C04B5192CC13B34440B5DBCBDE673452C03BD1FE77B5B2444071F6E97E5F3452C0E1027BE179B2444056FF9BF9593452C0ACD0749B52B24440DC1F48B7503452C00AA82BBA10B2444091E248F8483452C0B1376F9CD9B144408DFE68E6493452C03F7634E5A7B14440BF4DF6D6493452C088F4B11B72B144403D2823C7493452C05AA599B238B144403F4A32B9493452C0DC15C9D507B144407299BFA9493452C0D74E5E86D1B0444071E7527C483452C0555295529DB0444021525DA82D3452C0FA5653EB6EB0444002885385143452C080E22A7243B04440FD4CF77B1F3452C016CC5F3F09B044405E2934CF263452C0A6859F5BE2AF4440DC35BAC7313452C06D20681DA8AF4440537CD4173C3452C0F459B95B71AF44401B09D74B453452C02F70107F40AF4440F195EE1D503452C0A8384F0B07AF4440E6AD59A75C3452C00893CF7AC4AE4440A5EE14545C3452C011201C869FAE444014377BEF5B3452C0BC22128B72AE44409DDD028C5B3452C0C69D441546AE4440784538955A3452C0361979F2D7AD4440CA06E6015A3452C06D3C0F3796AD4440A7C7D1A1593452C014C3DC4E6BAD4440BA440044593452C0063ED47441AD4440F95860A5583452C09AFA71B2FAAC44407174A928583452C06D2DE611C3AC44406993B6C9573452C0E4FBA99498AC4440D5B90D73573452C062A9C21372AC44409DA414DA563452C0DBD9BFC02DAC4440F19BB6D7623452C0A5558EB905AC44402FF2D3336B3452C02F12C0D0E9AB444050715113773452C0AE97EF2DC2AB44402BF326079C3452C05F6CF60570AB44405A0D2D16B33452C0FC6F5CC13CAB44400374756FAA3452C098CDDB3E21AB4440AD54FCC58B3452C0FE9340C5BFAA4440763DC98D803452C0C334D5199CAA444006A40187673452C0398A69884CAA4440B65751E9553452C004DBEA8514AA4440086251FA573452C040617806F1A9444030053FB55A3452C06AC1281DC2A944402FAECF2B5E3452C0722F299C86A94440E2026847623452C0737C350140A94440F8B350DB633452C04D3498E424A94440E6FC7305723452C040FE42CC01A944405D5826087D3452C075C9592FE7A84440FF64C490A03452C05DCD2AC69FA84440AC254A0CAF3452C06D3031DB82A844404F32E894D23452C0A30003CA3BA84440ABB0F96AF73452C019BA7EFBF1A744402ABCBFE1143552C0BE87AC23B8A744406664F1BC2A3552C0D398DF448CA744406AA0BA75433552C02975C45E5AA744407C3D97204C3552C0A6E5261020A74440988FE249563552C06CF64DDBDBA64440228AD2E0603552C0E8FC7EE292A644401AEB9C7C693552C071109D8157A6444066618AED753552C04DAD6FC502A64440E1C22BF47F3552C072DB80F1B6A5444051776D439F3552C0FD9D7FC899A5444070FFACFDB53552C0D88E8A2083A54440217874CED13552C037C3AA7667A544405D64AAB1F43552C0239A7BF144A54440089077E7123652C00D30E80127A54440CAEE6D073A3652C02046E30E00A54440118ECB5B5A3652C02BD6556DE0A44440E3AEA739823652C08AAE6580B6A44440368E83ABAF3652C020D3AD9ED6A44440546ACB1F0E3752C00DEA817E17A54440C5BC94FD213752C027B1B88613A54440312E18AA6B3752C0015FF0C302A54440F78A9B34B13752C0CFA127D7F2A444406C470627DA3752C031AC077CE9A44440A34132A50A3852C0F7141504DFA44440280300D22A3852C03AC1CB9AF7A44440B944DCE54F3852C04D6E689114A544401E5894557A3852C07F71836435A544406E73589AA43852C01234CE2456A544405ECB12C7C93852C040D47DA272A5444038CC14140B3952C07842F07C7BA544400C8CFF0B3E3952C07B2A1E0789A54440990A84744D3952C01DA6099E4EA544404AF2201A813952C093BB3C361CA54440
206,-72.9001798873,41.2890423523,None,175773229,345000,line,0102000020E6100000030000004AF2201A813952C093BB3C361CA54440E3275B0E963952C042AA864606A5444050B839F0B73952C0B9DBF359E2A44440
207,-72.9019320254,41.2876007613,None,175773244,345000,line,0102000020E61000000300000050B839F0B73952C0B9DBF359E2A4444055EC0050B33952C0EEBEDCE8CDA444408BFC9EDEC43952C0FF8BC3BDC5A44440
208,-72.5768238023,41.5360201092,Scovill Rock - Kleen 345kV transmission line,49810094,345000,line,0102000020E61000001F000000959B1B6B2E2652C09C0C5A88F2C64440573E69652C2652C00F0F9CFF05C744409AF06A31132652C08770A29508C74440C5DA8ACD002652C0C0A3E6780AC744401FD32005E02552C09A608466F2C644404FCF057DC22552C04B9036EFDEC6444032404BF5A42552C06DB8C81ECCC64440729C904B832552C0BA8AF2CFB6C64440FB011B6F672552C0EC85D22EA5C6444021860D35552552C0B5D2A9C585C64440EEB98D8A432552C054B6855467C6444092715669382552C0D8DEC42654C64440116135E82B2552C06EE0F0E73DC64440AB43E13F162552C09B12566117C64440F6C67178FF2452C04ECDDB0DCEC544403ADBF823EB2452C02E089F9A8CC54440BDC36943D12452C09CAC204D39C54440D792ED8ABD2452C0FE1768D0F9C44440C8637905A92452C0DBA831C3B7C44440F1BD2EF89B2452C0106A493C8FC444401D21C0A18C2452C06293F12D39C4444084B54BB89A2452C087D5C0B2C2C3444027DFF0FA982452C0EA5DD86EA3C3444006C98036922452C0C61AA46B49C3444075F12B5B8F2452C092A1F06328C34440D65B8C4A8D2452C0D20EDAFD0EC34440E5E77D77812452C008EEA7FD75C24440B5F1B38B7B2452C0EFC9A1EB43C2444048C7DB356D2452C0EB04150BBAC144409F8AEA8B632452C05647D49870C144403F16FBD1732452C0129BBEC65CC14440
209,-73.2511588132,41.609324256,Long Mountain - Frost Bridge 345kV transmission line,139890744,345000,line,0102000020E61000007A0000004F2EF730E84352C0A7E7D72D75CE444051F8C9A9044452C035D045598CCE4440B243DCD1234452C08A577207A1CE44407208CC0F654452C0C0FBC794B8CE4440718063BF874452C06982681AC5CE44409121E3229A4452C0BD488DBDCBCE4440C8124058C64452C0000123B3DBCE44404E38DA71EF4452C05B975F89EACE4440E8857AB11F4552C02D53D8F3FBCE4440E12989D3474552C0DB1C73700ACF4440F7129329674552C0A55C1BC015CF4440CA9A4283894552C0CFB49B2622CF44406A88D8A89E4552C073D84DC93ACF44402DBE5177B84552C03A758ED858CF4440F43E7165D24552C0C248710D77CF444003725929FC4552C09D0866B3A7CF444021836EE3134652C00C692D57C3CF4440F99B1CE0404652C063FA3ABEF7CF4440342B0E125B4652C01790B43F16D044408DBF848A674652C06F5584C624D0444090DAB86E9D4652C06487A28B63D0444096750078C94652C03E815DB24DD044400735581DF14652C09FECAE063AD044409BB73E182B4752C09856E6421DD0444039BEED9C4F4752C035E938240BD044400DB886C8744752C0045EB3B2F8CF44406AEF9975944752C0BF37A1FBE8CF4440539F69D1B04752C0F748E1E9DACF4440055E7CB7DD4752C0784267A2C4CF444091F21F5E044852C0EBF52375B1CF4440D48F1CC92D4852C0D219C2E79CCF444042966529614852C0BE9C386A83CF4440ED56DE36764852C0894B1AF878CF44409E9C7F0FA04852C025E87F3464CF4440421A3A7ADF4852C03EBBBFBC44CF4440009316E9FC4852C0CD6BD32136CF4440A64CE070254952C0DA0BEF0522CF444057216567334952C0E0EE26A81BCF4440A74EC73D664952C0CE19DF7A04CF44407439A21C884952C08395C109F5CE44401F69F0FEB44952C08FC10093E0CE4440C913EA8DEF4952C097CA47E1C5CE444005A769DA114A52C001FE573DB6CE4440D918A723534A52C044898E7998CE4440530D5A22864A52C01116E13981CE44409EF14F78C34A52C0B29C334265CE4440060F5EBC084B52C016736FAE45CE4440DAB5080B404B52C0320544762CCE444043AFDA2B744B52C08019E1B114CE4440827B62068E4B52C0D9662BE808CE4440BA759BF2B74B52C03B5FC7CAF5CD44404411BA66E54B52C0103EE810E1CD4440F8E3BE59184C52C02C0159D6C9CD44400F735297494C52C0F3EE9E62B3CD4440B6F9F526804C52C07357E7819ACD4440D790D951A74C52C024426EA588CD4440095176B6C94C52C06FEC2FF678CD4440DF073F932E4D52C04E6300F94ACD4440A147F459704D52C0F50F708D3ACD444096008EC09F4D52C0414F8FD839CD4440620C91C5E74D52C0934304C538CD44405E4E34E4FD4D52C042837E7038CD44403F4454931C4E52C031E8B9FA37CD4440323A5D585F4E52C0831D08FC36CD4440A42E22037D4E52C0DD80C58A36CD4440E02AAF6AA44E52C0E902C2F335CD4440CDD0FC69C84E52C086661BD72BCD4440CCA5CB5CFA4E52C03C73AFA61ECD444040399F21234F52C0D3C7D4DF13CD44406C28BA873C4F52C023D1E9450DCD44403462CEDE574F52C0862C42E205CD4440A05973CE7A4F52C084C9FB7200CD44400EC0B49CDE4F52C01B1A19FBF1CC444067B349253B5052C06C8F6FEBE3CC4440ABED002F725052C0507155C5DBCC4440638D46F3185152C066F02F3DBBCC4440DDCD5225405152C04BFA36FFB3CC444086F60B5E735152C00ED6F829AACC44401F0977DE9A5152C02DD45577A2CC444058B0C1EDD65152C0CC3FFF5E91CC4440A1E85834F65152C0E85FA67888CC4440ABD5DB061C5252C06C97B2968ECC4440C864502A695252C009AD54119BCC4440B98563B28D5252C0FFBC64FAA0CC4440C1D9AC92B45252C0B7B66044A7CC4440AEBF7DEDD65252C0C9B0F8BCA7CC44405F8C4D783A5352C0DBD35A1AA9CC444084AB538F6E5352C0DA455FD0A9CC4440B2751F7EBF5352C00ABFD2EBAACC4440C823A1420C5452C063A62FF9ABCC444048BD8A55205452C0B14EA03FACCC4440C3B451513E5452C0B7E570A8ACCC444091D81AE2645452C03D531F2FADCC44406C4785549A5452C0DF0736EAADCC44405383C490EC5452C084B6BB0AAFCC444072E52763CD5552C00F87881EB2CC444018349DC2EC5552C0C8F036BCBDCC4440FDA98A32315652C01A07EF13D7CC4440B180BDFFA85652C098E1C67003CD44405CD3819EA25752C094A082DD5FCD444075ED31E9D85752C092331EF773CD44401ED2E619FF5752C00D57F21B82CD4440F26B4173235852C00A9DF3908FCD4440D0B8C33D455852C038FCA5139CCD44407C2E5D35835852C0EF4C8604B3CD44404691C255CE5852C0596D5DD5CECD4440307E0110FE5852C0453BCB81E0CD4440685DC0B3215952C027A698B3EDCD44405A56C3995C5952C02437848103CE44402441849C8B5952C02F87A8E914CE44405AE2F983BB5952C0054B26A526CE44404978F0FEDA5952C07E0B034D32CE4440B757966C485A52C00AD4D20692CE4440F2A0F624815A52C00E75A293CCCE4440BF4D8847AF5A52C0160211FFDECE444047AE11BC105B52C0E4995DE705CF4440FE5CF467255B52C005739E082CCF44407D21A2D94A5B52C0C321611771CF44404F62469C6E5B52C06F36199668CF444000573337B55B52C033ADB7CA57CF444016A75DF6415C52C0876C955036CF4440FADAE03D475C52C0B2CFBB2665CF4440
210,-73.6310166047,41.691010946,Pleasant Valley - Long Mountain 345kV transmission line,31268105,345000,line,0102000020E610000070000000A61114836D7552C0E72F7BA0AADE44407CB51783767552C003999459B5DE44407CD719077D7552C0AE74E70BD5DE4440E879E94C717552C0F0566181F4DE4440D2FD6DBE657552C0F017363114DF4440D8DEA681367552C0822D23B105DF44407165E885F87452C005D56859D9DE444079267340C07452C03C084816C2DE444073C5E6D87F7452C03279BA8975DE4440FAB078634A7452C087F28BFE35DE444092906390137452C060ED6DD4F4DD4440CB4E4DE0DA7352C0D37ED071B1DD444027248152897352C0B189437F50DD44400943EB41357352C0754B6AC92EDD4440C9D2735FD77252C06A8CEA2109DD4440456AAF9B817252C069714DBCE6DC44404021DC51267252C089C09F1FC2DC44406BAB1D5CD67152C0D9CB730EA2DC44406A25A2BD907152C0AC157A2286DC4440654C7EA62D7152C0D83FE1635EDC4440DE3447D6CE7052C0AD03EF5C38DC4440E0BCAF26AC7052C0200C6F732ADC44401A1AEEF44E7052C04140BD1205DC4440C0DAF2CA047052C02D5A5F53E7DB444014A2C831DA6F52C04110623CD6DB444012C724179C6F52C002617453BDDB44401C5C1E836B6F52C0BCC2D1D7A9DB4440572A79332A6F52C07F9643A197DB4440C4F1B1CCD96E52C006AA073681DB444049C95EB8976E52C0982642C86EDB44403C32B7755E6E52C00DF776D05EDB44409B914773246E52C01854A3A24EDB44409DFC4EAEBA6D52C025696D2431DB4440228BA9F5756D52C01E1207FA1DDB444069029D4C406D52C00137B8030FDB4440831B33BA1C6D52C040AF4A1705DB444012D8B3F1AC6C52C0B5BE97EBE5DA44401EDCEFE0506C52C0B2D02A3ECCDA4440C2D5D5FA116C52C030D3D3B3BADA444049D853B3DA6B52C0BB54E348ABDA44404530C922956B52C05A42FBE197DA44401DC66FBE2A6B52C0F90C1C367ADA4440DB63B580036B52C0E30177446FDA4440BAC3020DD86A52C067C8622663DA4440313654506E6A52C022D4A93B4FDA4440AEEA50E2226A52C075F0820641DA4440B1E0742ABE6952C069A20F0D2EDA44400F1EF635846952C04DF9102223DA4440D7D342AA1A6952C034D2C0400FDA44408F38B9D4D26852C0624E36B801DA4440C49F19BFAA6852C09D7EB2F7CFD9444078568A8C7D6852C0EC39ACDF97D94440A04BF9744A6852C0819D107558D94440D2EAC085106852C020883C8B10D944406625C870C26752C073328A9FAFD84440E0F72BFE7B6752C049D9832480D84440C9440242CD6652C0F8D2135E0AD84440D9B5E6D4776652C021A7C9C8D0D744409A499DCC5E6652C09067728BD0D744409856E638CF6552C0CE8A7829CFD744403EB6DF4C9D6552C00605CAAECED74440D62CB0F0676552C0DDA9D04F7DD744402084F53E296552C036929EB11DD74440D900D2B4FC6452C0516D46C4D9D644408D82E2EAD26452C0CE70E3D7CBD6444033B5C324926452C0B89AB043B6D6444076F234D0476452C060C670809DD644409E9582CB0D6452C061CAE92B8AD6444053552222A86352C0F8FCBF4D68D644402131C63E766352C045EA1AAF57D64440582DDF6E3E6352C04E3D691645D64440FDAA4CEC0A6352C046B03AED33D64440AF06CD83D26252C028CF5B2221D6444062E00CC5926252C01A9BF5E40BD6444082A56EF0496252C07D2DF9A0F3D54440108AACF7F96152C00D756DFCD8D544407B92D59BCB6152C08BD8148AC9D54440FE950668886152C089BA0E26B3D5444081F66E77546152C0328FFBD7A1D5444044CF03D5286152C00324044E93D54440D06FDD93086152C047027E8D89D54440C6441105EF6052C099E7E88083D54440AE23D97EB86052C05E94039876D544402AA047A0926052C0D882FBA06DD544401052EAD1536052C0DD3672D048D544405AACE3DC3C6052C07B8C495B3BD5444023112941266052C0A39DE5192ED5444017112E7F176052C0902EE2ED0CD544403652B574F95F52C0D27A156BC9D44440B9D8A0B4DA5F52C0D3D8E04D84D44440ADF298AFBB5F52C0FC6644953ED44440537F9D2F9F5F52C027EC6886FED34440215526C0905F52C057B71914DED34440E3D337977D5F52C004DEBE02B3D34440B1026A50765F52C02517B092B5D34440856B8B63405F52C0FE09B48DC8D34440E021C4E0D95E52C07A5FBAB79FD34440EB1A8A39B25E52C0C327E80C54D3444057EAC42B7F5E52C0E4CE205058D34440042108F8685E52C044F8CC632DD3444083B17594425E52C08BF4922BE3D24440F3D4325D0D5E52C0826289477CD24440CEA38146D75D52C0DC9B67B313D244404F8AF1BC895D52C02A2570C47DD14440E061A6D84F5D52C036128BD00DD1444012B7A127F65C52C09113065C60D04440B7C158E3D85C52C01070E4C227D04440C584FE22C75C52C064A5CA6C05D0444022EF97089C5C52C087DFEC0EB2CF444073CC7F3F8F5C52C0BC3E7D5599CF4440620F2E82545C52C0212DB7FA9FCF444003405B00535C52C072303F1470CF4440
211,-73.4342467272,41.5847721309,Long Mountain - Plumtree 345kV transmission line,140291609,345000,line,0102000020E610000034000000148000684C5C52C082BC9D0464CF4440420DB0CA535C52C0919F05DD41CF4440A60BFC0F5B5C52C0299D79191ECF4440BF9AFCFB485C52C070FEBD7CFCCE44403EB12B9B385C52C0429BDF08DECE44409EBE47D92D5C52C03182EF08CACE4440E5288BFA215C52C06AED1DF5B3CE4440316A5E38025C52C0B30738737FCE4440E45EC5EFFE5B52C0B9DA21DC52CE4440C0843090FB5B52C014AFBD1125CE444016D35BF3F65B52C00FFFC374E6CD444070D3F383F35B52C0CAA827CFB7CD44406C6DD31BED5B52C0BB6D7ED160CD444016D2E1D5D95B52C0CE21B53A20CD44405BE12753C95B52C0858815E6E8CC4440D6414F3CB65B52C02FDD04EBA8CC4440B4A20978AE5B52C068DE35E28ECC4440C7AD4E48AB5B52C09772AC2059CC4440ABA69CD0A75B52C00379319F1ECC4440A46E4756A45B52C0E27669F6E3CB4440BE6107C1A15B52C0018B2B65B8CB44402F8DD350835B52C02FA9022E83CB44402E46BB4B8B5B52C09BB69FF16CCB444069234DBE9D5B52C0DE97668A39CB4440AED3C118B05B52C0C721EE6506CB444047EE8E32B85B52C0702D2C27CECA44408FDA1F18AD5B52C01DAF30D872CA44406F53409FC05B52C0CF4B69705ACA4440E94D0E2AD05B52C031679D0347CA4440FEFEE94FD85B52C008139C6C2BCA4440348D4788E25B52C08E8300D108CA4440999F85DAEF5B52C0F3AEC8B3DBC9444005A1C602FE5B52C043850FC3ABC94440974ED19C0C5C52C065A4B7527AC944403CB739B91B5C52C05B3C472547C9444057179559265C52C09ED87D2923C944405A98756E035C52C002C22D7601C944405184A27BE15B52C060B655B2E0C8444061B8C4DDAE5B52C051A9DFD7AFC84440A3DFA99C905B52C09F8AEFA392C844401331ECEE8D5B52C0CA4BC3D875C84440EDADC618875B52C0370D1E5E2CC84440A6C6903D815B52C0E78A416CEDC744406061A8267C5B52C03C0C92B9B6C7444079129E28775B52C04ADFAB1081C744404E729D20735B52C0DA765BBA55C74440D67DA4BD6F5B52C0D8E3645231C744406B00EBF86C5B52C0F2B5629213C7444017EBC723695B52C04312EE5DEAC644406DD38CBA8D5B52C0F486CDEDCFC64440CB4A23C3AB5B52C07785083ABAC644402289EA33A95B52C0A0E5D2F58DC64440
212,-73.4316891054,41.5495279792,Long Mountain - Plumtree 345kV transmission line,140295772,345000;115000,line,0102000020E6100000030000002289EA33A95B52C0A0E5D2F58DC644401FFC8619A05B52C0835E493052C64440122C9E52985B52C094F3F7EC1FC64440
213,-73.4280809238,41.545159494,Long Mountain - Plumtree 345kV transmission line,140291605,345000,line,0102000020E6100000060000009C4CB7BE4B5B52C0E4FB16665DC544403218509E4B5B52C0A66D6ACA9DC544408312ECBC4F5B52C0136F4ED5CAC544401B43CBA6755B52C0A7A7CBC0E8C54440E13A15958E5B52C01BA4416EFCC54440122C9E52985B52C094F3F7EC1FC64440
214,-73.4070932808,41.4653105212,Long Mountain - Plumtree 345kV transmission line,140295787,345000;115000,line,0102000020E61000004C0000009C4CB7BE4B5B52C0E4FB16665DC544406F3F0E13415B52C0F807FFAFE0C44440A760EAF1305B52C0719A5FB67FC4444089B5E831265B52C0A4AC70863EC44440E87524B1105B52C0708DD2A20EC44440196DC8FAF65A52C02CE9B4F8D6C34440025492CDDD5A52C01F528DD29DC344400814432AC55A52C0ED16575F69C3444073328B0CAE5A52C04813396536C344405F3623A3985A52C090A7F4710AC344404628F65D8E5A52C0B48E1A04C3C2444092B8E3F9835A52C0502B36557EC24440C75765A6795A52C0C6A2C4423BC244408C33BB2E6F5A52C079DB2FF7F6C14440F0F6DE22675A52C0F4F0DBFDBEC14440D96AFFA15D5A52C05568E6FB81C1444046946A48485A52C02AC6A2A602C144408A6320FC3F5A52C02F18B778CCC04440679274C1335A52C05BC0A96577C0444099468E202A5A52C0FF9BEB0836C0444023BC2964425A52C0FA337CBA21C044407F11B17A605A52C0212AC6C205C04440A98FA290645A52C0320A48C2D0BF444014EE6DCE4B5A52C03E3F09884EBF444062C9018A415A52C00A8EDC2C02BF4440DD7B4A60355A52C0CAD38BB9B6BE4440308717611E5A52C02A33E38330BE444022FE3931155A52C06FDDC2A6F9BD4440A6B38458095A52C0081DE494B9BD4440805B304F0D5A52C08F1B8B9C86BD4440D5ECCBC0055A52C020A5A5AC29BD4440EA5EFEE8EF5952C0B4D0C519FBBC4440F97C945EE95952C02E04CBB0C8BC44401C0802F2DD5952C031642C3871BC444070F00CEDD25952C05227DB6735BC444008D3ABD6C35952C0DF9F2801EDBB44400E3E2749B95952C04C7688F1B4BB4440BE42CBA8C75952C0893273AB84BB444082023A39935952C09850E80604BB444012A9E81F7F5952C01BDE3EB39FBA444034DB9F1C735952C04B85CA6162BA4440784C5E0B6E5952C0F64B21B648BA444096FA73C8635952C033C843BF09BA4440483FA8F1695952C0BEF6345ACBB94440ABAD96FB6F5952C00F5994468DB94440DE8EC834755952C04C3529D041B94440AB1BF2B26A5952C0C5173E0304B9444034155BBE5E5952C0B2C8DFB0BDB84440AF123D46595952C0A31C74859DB844402DDAFEB4695952C005C526E873B84440F4BD6304765952C09A85B06455B84440745EE2C0835952C0DFEFC9EC32B8444026420B28A25952C06B6ABAED0FB84440C48D8BA4BA5952C014ECDABCDEB74440E9B7FAE3C05952C0774690EB99B744401D522186C75952C0495ECC6855B74440ECDB50E3C45952C09E51964727B74440D0A47F02C15952C0BCF5D42CF0B6444085C90523BE5952C013DBD9C1BCB644405AF9E5B1B95952C06752292F69B644407B8446D7B45952C0AA8A20301AB64440118D5B83C15952C07723DC63C6B54440CC5CD303B95952C048ADD36C7DB5444022391595B15952C00963803B3AB5444014F742FCA65952C06B20E3C6EDB444402BBDDD1E9C5952C03DFF0D8795B44440979113DB945952C0BAE5720558B44440B63B5519B25952C0B381CD6C40B4444031211E43045A52C0D6BCF92906B44440E247D194125A52C08875F23796B34440377627A5185A52C07A5244B04AB34440C3650E54145A52C0F5334A18A4B244407601BF74105A52C0DDB8831A4BB244407A5CC9860E5A52C033CC884015B244405A62A0FAF45952C0A065AFF413B24440286B4F83D85952C0CFE8621014B24440
215,-73.402999367,41.3916675492,Long Mountain - Plumtree 345kV transmission line,287508671,345000,line,0102000020E610000004000000286B4F83D85952C0CFE8621014B24440BD470CD7C35952C0C56B71E62AB24440F53C4AF9C15952C0E15222CE2AB244401A7C6BC7BB5952C057BC987B2AB24440
216,-71.8934171615,41.8781963674,Killingly - Lake Road 345kV transmission line,140404120,345000,line,0102000020E61000000700000054A4F22853F951C0239A1C2DF1EF444039F2759B41F951C0C7BEDF7AFBEF4440F6E483994FF951C09FEE7AF63AF044402E74BB2F3AF951C01BAAED8A63F044409F71A2F525F951C0DDFA4AED87F04440A53A229B11F951C0A680EEE1ACF04440DB6C1580F3F851C0FC103447E3F04440
217,-71.7897893016,41.9538062534,Killingly - Sherman Road 345kV transmission line,19352507,345000,line,0102000020E61000007F000000DB6C1580F3F851C0FC103447E3F0444015C8B96EC8F851C06281972633F144400D7A3848B4F851C025D603ED57F144400887C1339EF851C05D34E2EC80F144401244786F8DF851C060B6B8239DF14440C71824B087F851C04E9F0CB2D0F1444052EFD72381F851C0CC0D97ED03F24440DA816DB37AF851C07A04624B38F244408DAB340274F851C0031FDDB66CF24440705B30E66DF851C0360B4D139FF24440EBC660B769F851C07D7338CFC0F24440E38CC42F62F851C0AA21B10DFEF24440DBB9EEB55BF851C06E68BAD730F3444079E4399E54F851C077D1749669F34440ABB80E744DF851C09757ECE6A3F34440175D25C745F851C0F05D4658DBF34440EAB3480844F851C03CDCA36011F444404A2CB96E42F851C0C604B86135F4444001FC238140F851C0AF93C0A15CF444402D94223027F851C07A5C3E2267F444406A80B8530DF851C07C59C9D370F44440353EC1BCF0F751C0BCA19DC38EF444401DF872B5C8F751C0604B577CB8F444409C5C4295B0F751C05D6CDDABD2F444400A2BBD0590F751C0B703942AF4F44440F2D1037D78F751C064F7BD200CF544404971D6AF5DF751C0DD21929128F544409207D26936F751C0714740C151F54440551407DD19F751C031D3204E6FF544408F0EA00907F751C0F6DD9D5482F54440ED98F465DEF651C0E2F84F17ACF5444008109C74AAF651C00C9D7955E3F54440E72BE5F871F651C0CF8DE06C01F644402C9053F259F651C02D0D53681BF64440ED418BC138F651C0C30181B83DF64440285CECD221F651C08F45CE1A55F64440E3350DFAFDF551C0FF3614FE79F644401E8EAA59E1F551C01ED08C7D97F6444005AC1BD1C8F551C0699ABE77B0F64440DE42E9B7B1F551C09A25AD1EC8F644407937400F9EF551C0C9C62533DCF6444040DDBBE279F551C0ED16FB8A01F74440702988A858F551C00A9A5E5722F74440AA066DED34F551C0CA00182948F744406D1CD1E9DFF451C0686C27FD9EF74440DEC796C2C4F451C0F07EA92ABBF744403ABD32D9ABF451C0406BE196D4F7444094C773108DF451C02ACC0593CBF7444070C75B8074F451C0DB8BB2A3C4F74440B8987F8B5CF451C0F29C703EDBF74440C87BEDAF46F451C06694A45AEFF74440192CBD0C2BF451C03637E64009F8444024B2D91113F451C0E723D4EC1FF84440F47A12ADF1F351C0DBA1D64C3FF84440B4D460D5B6F351C071A031E976F8444097CAED3292F351C0A6A30A6799F844403F3BC5567BF351C0EE5DC101B0F84440CB368F4B66F351C0E847DF03BEF844404DE6044B4EF351C0BB698E23CFF84440CEAA1F6B30F351C0AB8A53B3E4F844407281361104F351C01EF4845704F9444084A2FA5FDBF251C0392B408221F94440031D3C50A4F251C0797F6B1149F9444020C108A778F251C05593497068F94440E85B7B9245F251C00DE82A238DF94440E8E19CD51EF251C090838AF7A8F94440C8131206F7F151C066991791C5F94440EDD847A9D0F151C092B6E620E1F944402FA3A252D9F151C0E39A6AF727FA4440F262B1A2E1F151C086F991F26BFA4440D382356FE7F151C038FC025D9BFA4440EAA80E64DDF151C0A349B3FDBFFA4440E779A20ED1F151C004388AF8ECFA44409102FA59C8F151C095054BB70CFB444092434AA5ADF151C0FF2F681C6EFB44407A05FEF6A2F151C0DF0DC20F95FB44408FDFC31C75F151C0DD2EAB19B8FB444073D55DE849F151C0FE210A1CD9FB44402DFF58EF28F151C02027114EF2FB4440F5671F0021F151C04D1BC07727FC4440ABB1BBA10FF151C0AE8504D59BFC44403D27980B07F151C00D4C8E83D4FC4440DF96CEC7E6F051C0A71AE508F1FC4440D0953F0CC8F051C03A24CE320CFD4440B424065CA2F051C08893C9822DFD4440D21C2E3F88F051C060AFBC9744FD4440162A2DAF73F051C0852A32E648FD4440E7C81B095EF051C0C52C5A6E4DFD44402F342C1A39F051C0360A102A55FD44400243CAA61BF051C01E368D535BFD4440AA28922BF9EF51C0E241575579FD4440082C6503CDEF51C0AB54DFC09FFD4440EBDDED589BEF51C0963E87F7CAFD4440F6A44D3B6FEF51C0D9D7455AF1FD44402B631DAF43EF51C08181AF3D17FE44405982B7BE20EF51C0FD8D2AA435FE4440D5FE25E0FAEE51C05BBA129756FE4440562C5B89DBEE51C07928CCDB71FE4440409F0E59AEEE51C0D997CC2B99FE4440F80639408EEE51C059395418B5FE4440A0C5B0A46FEE51C0CD74C0B9CFFE444089F3927C4EEE51C0FDB87292ECFE44400EB13F3D23EE51C0146C0B3212FF4440A41B202D05EE51C029CF11592CFF44402225F268E8ED51C03C04955F45FF4440D6E371FDD1ED51C0FF128A7F75FF4440BB6F31BEBAED51C0E3238466A7FF44408C95AE0AA2ED51C0BBFA726DDCFF4440031ED9277FED51C04A95DA4D270045404CD17B5B6FED51C0E2C761374900454036FA0F9758ED51C0369350157A004540AC8F8AA948ED51C0DB3C379E8F0045403B6658F934ED51C05AADF73CAA004540672C3C7211ED51C04087A846DA0045409656F945F0EC51C085DA3D2007014540B9D2CFD6CDEC51C0E93C51AE3501454004E80458BCEC51C0F9EB47554D0145404A01E70D97EC51C064BDC6F84D014540726FC70367EC51C0154A2FCA4E01454027BEB1414BEC51C0055E20434F014540DEBFC82E1EEC51C02E713708500145403DCA30B0EBEB51C0E0B3D2E4500145407ED21A7AB8EB51C0F8F7C9C451014540EA45984693EB51C0EFAE9A66520145406899891660EB51C0DA21832C39014540FA2DB44736EB51C045C8900F240145405CB99C9D1DEB51C03B73186042014540
218,-72.5681861567,41.6590820637,Manchester - Kleen 345kV transmission line,139730004,345000,line,0102000020E6100000800000008D19B282A32352C0FC7B78C678E24440F570CE3A9E2352C03604A41458E24440DF827648892352C0A6D52F9022E244402FF43C678C2352C0D7FFEBB9FBE1444093728F63902352C0CD007010CAE144407CBA1126952352C09B0D60CA8EE144405E43B07B992352C0FB70E1CC58E1444077C6CD21982352C0FB865A001AE1444073D04210972352C0149EAE64E8E0444095566207962352C0CAFB7942B8E044400E19F5F3942352C085F9415E86E044401883CAC08F2352C0827FC18050E044403204AEC7832352C0BD97787CD4DF4440D3D255667D2352C07401616892DF4440954E60AE782352C0E7BF218661DF444023A761E6722352C0AEFB6FA025DF444042CBE1217A2352C007B41DF9EADE444079A926A8802352C0DEC59212B6DE4440A0F5A4D9862352C0DC0F73D783DE4440B836F816832352C0CA858B134CDE44404B0E5A607F2352C0C71C050615DE444093DF1D2BA42352C05DEADE7CE2DD4440BBBA3916BE2352C0C418DFE2BEDD4440B8E5F006D62352C0525F397083DD4440CB811A9EEA2352C06E18E64E50DD44401A5CE169F92352C0416362902BDD44404521EB84F52352C0CA658275FBDC44409D688EACF02352C0739A869ABFDC4440110E53D5EB2352C0A1F4EACA83DC444094CFC6A69F2352C05CEFF9DF3FDC44403065AC1B722352C011768D4417DC4440D3F3DDCC662352C07D253BD5D0DB4440AE9080DB5B2352C09FB7BFAD8CDB444035EF68E74C2352C083EE87872FDB4440EFB0D0F0432352C0BF7488B6F7DA4440E816F6963B2352C04C0962B2C3DA444081CBBC24302352C064A25F617CDA4440C221F45C2B2352C0A754C3B151DA4440BA3EBAF0262352C0D5FB622A2ADA4440A7AFEDBC1E2352C0B71F21E6E0D94440B46469A9192352C0CE152E8FB3D94440F65A620F142352C04774EC8381D94440D0C7D8460F2352C01B47C33E13D94440E306CB9A142352C032955C17DAD84440742EFA551A2352C01A2A299C9CD8444025AAD523212352C09F85B5A353D844401C39781B262352C0953E66591ED84440552099582A2352C066B8D4E3F0D744408F84B9BD392352C02CCB96B0D0D744403A006E41542352C0F921D93899D74440C0332540772352C02A24010350D74440E1A0048E7A2352C07EFD0AE4F0D6444033AB049F7C2352C0C84C9C55B5D6444074CA87C47D2352C05553146094D6444035E646CC7E2352C08BE021B676D6444016ED975D822352C01145C7E80FD64440BB3A939F842352C0C2B45DEACED544405D145194862352C0CD1B119396D5444037A3C94F882352C0F8EC01AF64D54440BA3A86318B2352C06223FAAE11D54440FD642C1B8E2352C05BF1BAC6BDD444402E7BBEEB8F2352C0EBBC268489D44440B0821D92912352C09543AFFB59D444402EB4AC9D942352C0BB6A9A3F02D44440CF4DE736982352C0AB81E59C9AD34440980A16429B2352C06E2828E242D344403F4A010D9D2352C0607C69440FD34440FCFF923E9E2352C0F465C1D9ECD244401D0D34BAA02352C0D30A624FA5D244404B61F56AA32352C0CDF29ED557D244404E64C303BE2352C06235A5E241D24440B5E39C8BD82352C064CF40FE2BD24440BF15F155F22352C0D6B2CBB516D2444045E09A39102452C00702B60BFED14440F07B0A342D2452C000428A68C3D14440C5F5B684482452C098DDF0208CD14440A22578F95F2452C0EC9276A95CD14440F779513A7B2452C0865C478125D14440351A3B58A32452C0BF791C51D4D0444003B3F449BE2452C0C7BE8AC89DD044400988F7F4D52452C05C104BE16DD04440D8992F62ED2452C032BEF0773ED04440A29A6275FD2452C0D77923EE1DD0444085109649122552C0B1107BC5F3CF4440E4AE89E0252552C0D904371ECCCF44406969CFD1452552C079C3DD768BCF44409D1B5CBF672552C000AE38C946CF44409F320289952552C0C52CB318EACE4440967FE785912552C0AC48CF8FC9CE4440F615D9C3872552C0F30EBB6A7ACE44400219E882812552C046A364B147CE4440CDFC731C7A2552C0EA02F6AC0BCE444065482021702552C08595F6B2BACD4440CB76A5AB6A2552C0175592688ECD44400FCF305F632552C032EAA83653CD444028304C815B2552C01ED79B6113CD44400F2BEE84552552C00D22C1D6E2CC4440379C82374D2552C06D7BF1789FCC444054E17D6B442552C0F0D8C01B58CC444006A9BFDA382552C05D2B8344FACB4440C332C0BD412552C0E9300BE7E0CB444008934DCA572552C0ED57B6FAA1CB4440A800EAA6692552C01BB777FF6ECB4440DA830A3F7F2552C0AFEF3D5E31CB444098BA29B3932552C0A1DD9CFDF6CA4440A4FCEEDDA42552C0CF194AFEC5CA4440DEE0088CB72552C03B2F34AC90CA44403E6FA59EC62552C00A2B38A765CA4440DD395FE2F42552C0A99F92E135CA44400CF2DF11072652C06367296722CA44400811B4BC2F2652C09E644898F7C9444076AFBCF1442652C045B97AC2E2C94440F9FEA04C622652C096A04EDBC3C94440B53AF480792652C009F77DBDAAC94440A59709B88D2652C04B47171A31C9444050564826982652C0246E6E52FAC844400E2A689D8A2652C033C99F94CFC8444079D178117B2652C0572F3C5E9CC84440E54C05A56C2652C0D59630AE6CC84440E628C9815B2652C09EA9CBA734C8444019EBFFC54B2652C0F324EE8A02C8444011E182A7442652C041B6EA16D1C74440A14641830E2652C04E9355341EC74440DAA25221072652C0915D2DF118C74440D6A786E1092652C06BED7DFD10C74440F3FB1818182652C0A83411BC0FC744406A968EF4332652C06A2E53500CC744405ADD777F372652C05C929DEBF3C64440
219,-72.5573267688,41.8282106813,Manchester - North Bloomfield - Barbour Hill 345kV transmission line,139232227,345000,line,0102000020E610000028000000D3F102CAD32152C0CD7646EC4DED444020F613D7D62152C0D20A8FE138ED44407867BBDBF52152C0CBA5BBE738ED4440A192BE140C2252C092DB2DD9FAEC44405988B9C5182252C0B480AD16D7EC44402786FF252A2252C0A15142DBA3EC4440E368A9313A2252C0CDE3523F78EC4440981A86FE462252C05252442E52EC4440E569234F572252C09889E36E32EC444013B201BA6A2252C00350CDA40CEC4440B27774EA452352C063BB0D17A9EA44408627EE81812352C08D3F4F4882EA444082807DCE952352C0F983411075EA44409FF1C3ECB42352C09C08AECC60EA4440A6B923D0EF2352C0281F82733AEA4440F6B5F98DFE2352C0785213C50DEA4440DC7499E2082452C06F41CBEAEEE944405289404E152452C0EABB06FEC8E944402D1C47241F2452C047DD1996ABE9444033744AA72B2452C0DBA0801C83E944405225218F422452C0756832215DE94440010375CE542452C02ADA4FDD3EE9444058D0CC8A6C2452C0E638758017E94440A6033D7F822452C0889FDF17F3E84440D62DA780972452C00151AB40D0E844408EB5467AA92452C02AB0A371B2E84440010D5EF4B22452C0831DBAB9A2E84440918BFC38B52452C0E5B3C5527DE84440DD667618B82452C003C1B2624DE844405A7FD2E8B82452C07B41EF512EE8444044FD483CCA2452C028D0CEF7FDE744403D496EB7D82452C04A084EC4D3E744407B614FC5E62452C0DFA60EF7ABE7444088639E02F32452C0BE81FC8C88E7444082311142022552C0122AA4245EE7444052546D23052552C016EAC3E71EE74440ADC27A47EF2452C0F9D7EA32F7E64440E801E56BD02452C00599AF86BFE6444077D5AB2CCB2452C0CFB7A1A88EE64440DD0331B7C52452C0D357516664E64440
220,-72.6828587195,41.8360111334,Manchester - North Bloomfield - Barbour Hill 345kV transmission line,140041793,345000,line,0102000020E610000078000000DD0331B7C52452C0D357516664E64440E2A8078BE32452C02194013664E644400235D55F022552C0BED9DBBD60E644405D1D6E6E492552C040761ABD58E644402C1AE7DE732552C0F1DC001B83E644402A928BFC8F2552C02506CB2B9FE64440F95CAB64AF2552C013331E23A1E64440AA9F3840EE2552C03493A410A5E644403FEC44860E2652C08EBF7215A7E64440EE2B11372C2652C0614E1FF0A8E64440B7979872452652C0752F24B9B7E64440E69AA5E5642652C06F91F474C8E64440601D7C808E2652C021DE28AFDDE64440BC221C49B02652C010B160C7FCE64440177896F1D42652C05BBF6E2C1CE744406C85649BF12652C08E6BCA3735E7444071DCA79C102752C017FD437950E74440362D9BB3302752C0D071C4166CE74440B1221BA24A2752C02E4C71F282E74440BC92B828582752C05ADAD2B28EE74440E9D9BC358B2752C052E39435B2E74440C227E5A5A72752C016B17017C6E74440BB700392C42752C08611D442DAE7444016745C4DE22752C0C952ED8AEFE7444063921AB3042852C05274C8F40AE84440DCA0C06E272852C0EF33A12826E844402660F3153D2852C01E78903F4AE84440944F5048722852C04826DAE0A0E8444000ADFBC3A82852C0A8AB3EBBC5E844402F39DE36C92852C078856091DBE84440379B44FCE92852C0FB26896AE7E84440FB74ADD2472952C0D341D3650DE9444076C51DF76C2952C0FD8B4FBE18E94440A9C784C4912952C07ACB25B320E94440D0D640C5BA2952C02248588F29E944400183F88AD02952C079A4606A39E9444039C0AEF3F02952C04F34883A3FE94440FD7EFDC10B2A52C0648AA2AF43E94440BDC580281E2A52C0A0E0FEA84CE944403716F14C432A52C02FB2C69552E9444085A69884682A52C08E7FA1E357E9444041EBBA01842A52C03266187C6CE944400A597CDCA72A52C07C4BDED7A3E944409DDF3656BA2A52C0E936B2BED4E94440EA53EA27BC2A52C007143F8FD9E94440B66FA4F1CB2A52C066284DE3F5E944402FF6419DD42A52C0A2215A3D05EA4440938DC7D4DA2A52C0EB53953F10EA4440D2734FDADD2A52C0A3611B9915EA4440E68A241E002B52C09B5381BA0FEA4440986E4D851E2B52C07D8B069409EA44402AA0D2143F2B52C03DB01851F1E94440033ED5645E2B52C0DC6215C9D9E94440104B2D8A792B52C032800BFBC5E944407F8FBFA6A02B52C0F37E59D2D4E9444099C8CA26AF2B52C09FB0FA9807EA4440F2FE49DABE2B52C00CC764DA3DEA4440D54BF3EECC2B52C0D29B77EF6EEA444071813A51DB2B52C0A1E368BCA0EA4440A4AD053CE72B52C0F70732ECC9EA4440CCAD2A3AF92B52C0C922B719FCEA4440CE737C06072C52C0B51790A922EB4440426A952C222C52C0FB9B4DB76EEB444070B4AD36402C52C0E4540C5486EB444070D729D8632C52C06C4BD9D1A2EB4440B8A6A695842C52C0D55FD2E8BCEB4440D24C40DDA62C52C07C4895DED7EB44401EB209DAC72C52C0EC7BD798E8EB44402F152BE3E42C52C07847511EF7EB44409D0AA3A1F62C52C0EF7080EEFFEB44404FD598CD122D52C015EC40A40BEC44408F130A7A2F2D52C0EFC8DB461AEC44407BB5C95E4B2D52C09F609DB827EC44403A59779A732D52C08DB4452F3CEC4440FB4584E8972D52C0DA17E1F74EEC4440A5EC0939BD2D52C02B2C306761EC444030662629E42D52C0D353983C75EC4440ED0E2201022E52C09E4B6E0282EC4440C38A08F1272E52C05F8766BC90EC44408E81AC39462E52C0FA4D8E1EA6EC4440A18FB234642E52C00349544BBBEC4440DE12DBFC812E52C0B6717052D0EC4440453B45FB9F2E52C0C693C980E5EC444088862079C22E52C01BD8DBDBFDEC4440AB2D7504E12E52C0963326350AED4440B4583425012F52C06CB8F48517ED444094A70A6B202F52C00E39766F24ED4440126FBF6B372F52C0D2BB14992EED444056083B2A522F52C078AF9D6F38ED4440384032B06C2F52C0CBCD0A1C42ED444065E3F3E2912F52C006CB5E2050ED4440AD4415E9B72F52C001EAB0205FED4440C1244388D92F52C050A6AB076FED44404F4B98E5FE2F52C04E0F852182ED4440130ADA45203052C0C28FABB892ED4440D72B6E752D3052C024A72F41ACED4440E1E45DA03D3052C0C36E275EC9ED4440C07F80AB573052C012C6ACE2F8ED444002EE1D2F6E3052C03A2C7E3A22EE44403675D94F853052C048C877714CEE4440632D4D119E3052C0FD1B519479EE444036E19A27B23052C04F51B38E9EEE4440ECED7498C33052C0C2E9C7A3BEEE44405741D7ADD83052C07736A545E4EE4440A473CD84D13052C07D9C2DBC13EF444086EF0E77C93052C00629509648EF4440521E4130C23052C0C385842679EF444081252222BA3052C02036FF81ABEF4440E5D159E8B33052C0819D8649D5EF4440701F385CAC3052C010B5856907F044401B3165A7A43052C046D8B6D239F04440F5FBD2A39C3052C01E1CBD516EF04440548260EF943052C075B2905DA1F04440B408EE3A8D3052C08FF70B9AD3F04440E10847F1843052C087793E780AF14440BF00E7A37E3052C01E5A3E923DF1444043D8334F793052C01B0ACCF873F144408C8688E6733052C00FD0D189A3F14440FBD7BDCA773052C0CC4897E0D3F144406D3AEB9A893052C0D118833EF8F14440
221,-72.5573267688,41.8282106813,Manchester - North Bloomfield - Barbour Hill 345kV transmission line,139232227,345000,line,0102000020E610000028000000D3F102CAD32152C0CD7646EC4DED444020F613D7D62152C0D20A8FE138ED44407867BBDBF52152C0CBA5BBE738ED4440A192BE140C2252C092DB2DD9FAEC44405988B9C5182252C0B480AD16D7EC44402786FF252A2252C0A15142DBA3EC4440E368A9313A2252C0CDE3523F78EC4440981A86FE462252C05252442E52EC4440E569234F572252C09889E36E32EC444013B201BA6A2252C00350CDA40CEC4440B27774EA452352C063BB0D17A9EA44408627EE81812352C08D3F4F4882EA444082807DCE952352C0F983411075EA44409FF1C3ECB42352C09C08AECC60EA4440A6B923D0EF2352C0281F82733AEA4440F6B5F98DFE2352C0785213C50DEA4440DC7499E2082452C06F41CBEAEEE944405289404E152452C0EABB06FEC8E944402D1C47241F2452C047DD1996ABE9444033744AA72B2452C0DBA0801C83E944405225218F422452C0756832215DE94440010375CE542452C02ADA4FDD3EE9444058D0CC8A6C2452C0E638758017E94440A6033D7F822452C0889FDF17F3E84440D62DA780972452C00151AB40D0E844408EB5467AA92452C02AB0A371B2E84440010D5EF4B22452C0831DBAB9A2E84440918BFC38B52452C0E5B3C5527DE84440DD667618B82452C003C1B2624DE844405A7FD2E8B82452C07B41EF512EE8444044FD483CCA2452C028D0CEF7FDE744403D496EB7D82452C04A084EC4D3E744407B614FC5E62452C0DFA60EF7ABE7444088639E02F32452C0BE81FC8C88E7444082311142022552C0122AA4245EE7444052546D23052552C016EAC3E71EE74440ADC27A47EF2452C0F9D7EA32F7E64440E801E56BD02452C00599AF86BFE6444077D5AB2CCB2452C0CFB7A1A88EE64440DD0331B7C52452C0D357516664E64440
222,-72.5640242203,41.7862661611,Manchester - North Bloomfield - Barbour Hill 345kV transmission line,140041788,345000,line,0102000020E610000016000000DD0331B7C52452C0D357516664E644409C98A7309A2452C0E04C89406AE6444028D5B402712452C07FFE3F2E6FE64440ED2ECA345F2452C0EAC3B2F83AE6444033DED1DF4D2452C06A68F21C02E6444001F4DDCB3D2452C00F852F8ACEE544409FFC2630302452C05EC5F92C83E54440D287B6CF1F2452C0EBB6B36773E544407406848E162452C0A142534034E54440402A93830D2452C09BFB9858D8E4444047202B03082452C0FE82A04CA3E444404A5B7A9E032452C0402EBD0376E4444047A4B266132452C0A135E90845E44440D9B8830E232452C05BAD91B513E44440C6988CAF322452C0D80361E9CBE3444050F30DEB072452C0CA8117EA93E34440B0115B0BE22352C0C694F14A62E34440637C6537C72352C04A466BCB45E34440BE28AFA9AB2352C0BF74ED7728E34440250EEFFD9C2352C05BE28A66DDE24440A4EFA3299D2352C06ACEC449BCE24440110156B2A22352C080AE480A92E24440
